<?xml version="1.0"?>
<opencv_storage>
<descriptor type_id="opencv-matrix">
  <rows>500</rows>
  <cols>32</cols>
  <dt>u</dt>
  <data>
    209 172 159 178 170 168 45 207 186 219 138 248 183 166 64 27 167 231
    108 133 51 77 138 115 152 130 127 184 128 80 131 73 120 48 58 114 49
    205 81 23 171 173 182 8 191 159 66 16 132 189 253 16 10 107 240 13
    211 249 48 121 66 128 78 91 122 51 50 136 75 213 144 72 135 28 208
    43 40 158 102 206 236 157 251 209 78 3 211 208 147 96 138 251 19 12
    62 223 50 50 38 8 79 221 144 72 135 124 240 47 2 156 102 142 204 157
    235 21 142 35 211 144 19 48 1 127 83 14 62 215 6 176 180 158 105 213
    152 201 159 253 17 169 236 222 110 142 151 121 251 21 134 65 154 241
    9 18 79 255 22 39 15 215 116 51 120 98 250 11 87 248 35 172 237 173
    83 199 75 16 54 220 69 122 26 19 200 40 251 133 37 253 224 163 6 243
    70 185 180 151 239 213 184 168 139 253 16 41 236 254 95 174 135 123
    249 209 134 72 186 241 15 18 207 255 134 39 15 215 121 184 155 248
    169 237 80 87 171 89 164 28 191 159 64 154 133 179 252 16 31 107 146
    145 219 217 80 123 218 0 195 27 169 58 239 191 238 251 169 90 118
    253 215 246 217 221 146 236 127 238 255 157 167 244 127 178 86 107
    251 224 175 141 255 241 95 182 238 127 187 247 127 251 119 223 118
    181 123 255 190 245 55 127 181 172 191 216 191 255 106 255 117 193
    239 228 236 117 125 127 108 101 164 90 111 184 97 230 190 140 211 45
    147 179 26 198 236 110 233 240 253 12 238 233 229 21 111 250 94 112
    93 222 140 182 168 36 94 188 162 250 143 237 215 227 91 90 247 231
    125 199 204 65 219 32 248 231 239 157 172 115 184 83 192 236 156 51
    136 232 53 174 186 151 162 25 244 243 72 91 161 119 104 16 50 77 139
    115 237 131 119 89 192 80 135 10 216 189 189 127 185 253 85 183 187
    251 190 24 191 191 66 59 165 247 253 16 123 111 251 63 251 255 117
    123 226 81 142 123 42 185 34 139 85 212 186 101 31 65 88 3 172 156
    54 68 216 59 147 129 86 186 80 221 47 116 154 107 23 14 61 222 244
    104 69 54 10 9 71 216 178 178 161 184 115 196 201 27 58 241 100 98
    107 103 142 57 56 2 101 188 97 179 2 32 193 184 151 243 232 173 168
    86 170 59 112 120 180 211 192 59 13 27 119 153 179 94 194 97 12 138
    250 232 200 64 3 169 245 32 238 66 139 46 66 72 243 178 165 152 83
    225 91 27 57 196 104 126 56 103 157 2 211 139 65 124 235 227 106 0
    109 85 125 231 180 78 111 184 125 232 127 96 211 119 153 112 94 220
    126 106 233 176 121 46 239 255 37 132 104 243 66 241 42 179 34 138
    127 213 186 100 77 77 92 135 40 206 54 132 254 57 147 197 198 58 36
    255 55 92 138 235 23 6 63 223 109 117 125 103 244 79 111 184 113 234
    255 72 211 117 153 48 30 220 126 106 233 240 253 46 231 255 101 148
    74 251 66 49 165 121 149 81 225 223 228 131 123 240 98 24 214 20 4
    191 128 124 96 88 99 248 241 52 5 154 85 114 74 0 199 182 25 189 59
    251 145 239 127 247 63 73 238 4 191 255 40 48 245 187 95 16 211 185
    56 255 251 223 22 66 186 66 167 251 128 108 174 63 64 110 189 142 56
    22 102 145 245 103 11 27 133 87 97 135 32 212 187 43 69 39 112 0 192
    113 39 250 32 168 105 120 108 235 193 75 94 97 224 157 211 76 52 88
    219 8 11 21 19 238 95 23 77 22 49 88 212 136 86 240 3 141 10 141 20
    135 235 119 76 9 88 70 176 168 52 64 220 42 19 13 198 184 80 255 45
    60 138 0 29 10 113 140 32 40 249 25 108 217 89 67 79 245 96 25 167
    136 198 26 139 42 66 12 14 126 230 81 198 152 17 121 208 136 70 204
    32 165 1 237 180 75 79 191 22 224 88 200 247 101 144 33 26 94 85 107
    121 216 223 31 232 164 173 252 12 170 214 176 233 34 24 240 104 185
    89 71 235 61 52 56 175 131 194 31 138 3 110 24 6 107 226 129 214 217
    80 57 66 136 11 141 73 160 30 240 104 169 89 3 171 61 180 56 143 147
    200 182 135 23 124 8 6 79 194 209 212 217 56 249 2 128 139 1 102 176
    237 49 198 110 160 158 58 243 178 221 210 60 93 58 49 222 121 17 155
    124 223 2 13 38 117 244 237 96 82 58 2 74 66 137 116 145 184 96 13 4
    90 227 173 142 178 196 222 41 147 133 198 154 4 223 36 52 138 193 23
    134 57 205 130 203 74 139 118 145 170 100 140 4 80 131 173 202 182
    192 78 41 147 197 70 152 4 253 36 48 138 137 20 134 61 140 245 62
    108 114 248 172 87 176 176 62 229 157 83 99 139 57 7 236 76 94 184
    70 236 46 250 171 37 176 224 243 66 193 64 176 245 53 8 88 96 23 235
    245 34 157 135 134 66 119 3 102 108 24 23 88 255 64 207 208 215 61
    34 164 198 86 146 73 94 172 22 195 184 96 172 4 210 131 189 14 34 65
    110 49 31 227 108 137 16 253 240 225 170 129 52 8 37 74 101 244 205
    117 210 46 166 159 50 187 146 254 211 53 73 42 93 214 113 49 185 246
    217 2 29 38 125 148 237 113 210 51 245 116 8 35 160 63 86 189 50 170
    171 221 67 88 92 16 157 199 84 103 236 246 217 22 162 222 53 55 72
    83 138 151 118 154 231 119 130 14 116 19 103 251 243 245 210 60 68
    123 101 246 125 19 153 248 223 64 13 34 117 150 233 112 212 115 246
    92 79 167 214 106 167 178 48 162 66 254 81 61 17 43 59 244 113 163
    105 246 209 46 245 166 237 128 109 123 18 178 120 144 189 228 61 78
    81 59 3 173 166 24 214 53 64 82 128 212 109 8 24 105 241 1 217 247
    113 81 2 40 132 107 129 170 19 249 236 189 96 87 239 25 112 80 158
    147 224 188 207 10 70 24 151 184 66 209 15 216 16 98 218 136 202 165
    146 20 111 29 22 106 103 118 117 66 202 215 115 124 52 113 123 204
    13 166 237 220 53 111 243 34 192 3 45 124 116 126 195 11 110 241 36
    128 105 55 125 28 82 247 185 138 180 105 102 171 63 205 216 220 103
    228 196 58 250 128 4 128 113 104 240 69 111 36 86 74 239 108 32 192
    250 175 115 109 145 3 122 244 81 227 105 183 213 47 116 34 175 0 101
    187 118 176 252 78 214 196 22 34 99 122 16 162 238 178 67 35 225 103
    123 220 40 184 104 247 141 138 248 229 135 4 39 234 36 160 49 15 106
    73 52 187 107 39 117 100 126 128 227 64 182 80 90 170 6 188 14 184
    101 63 238 156 36 0 117 138 208 76 53 102 233 167 52 11 207 24 68
    174 146 197 243 1 145 2 92 228 93 111 200 244 109 42 228 141 165 144
    100 187 82 105 177 213 99 205 84 7 239 125 87 192 248 70 113 209 188
    164 124 168 18 238 235 183 61 223 49 12 135 44 127 186 240 180 129
    170 218 33 228 185 106 22 119 15 124 24 163 163 210 52 89 10 70 12 6
    184 229 51 230 221 48 97 226 138 203 140 164 235 105 175 36 75 207
    185 82 236 208 201 211 105 209 3 24 204 101 111 232 114 205 57 228
    33 229 180 101 250 214 224 11 84 191 219 181 247 189 95 31 71 215 18
    252 223 63 104 221 59 155 153 227 180 121 255 231 255 158 0 150 92
    177 250 52 175 41 37 236 75 135 173 2 252 152 233 211 109 209 3 89
    206 101 243 88 122 207 32 236 0 237 181 101 251 214 249 240 162 236
    85 164 123 64 175 115 247 102 185 227 96 198 120 81 206 108 16 28
    248 239 33 206 242 85 113 230 232 214 70 72 138 220 247 172 184 97
    130 238 183 102 184 231 161 194 223 67 102 234 24 54 124 239 1 206
    243 113 1 198 200 76 0 246 170 237 87 162 123 84 171 115 231 98 189
    195 108 198 123 19 206 236 4 60 252 237 34 142 50 85 53 228 232 214
    86 102 109 237 167 232 107 143 170 2 242 8 137 209 109 89 3 27 215
    113 231 105 114 205 40 108 0 237 188 229 251 150 240 200 58 205 23
    139 123 101 150 182 247 134 157 227 39 130 63 33 230 232 140 61 220
    255 44 207 227 117 145 235 228 142 126 167 52 97 72 93 119 235 120
    85 225 249 94 80 92 188 53 88 136 19 188 185 50 125 158 63 12 129
    124 255 175 114 244 43 241 170 159 109 84 189 237 11 95 85 135 236
    252 126 46 222 75 179 197 198 250 254 225 15 127 222 139 7 62 191
    223 169 2 127 217 100 153 233 87 108 21 246 222 157 11 150 252 110
    173 126 156 131 186 101 193 212 249 178 192 79 136 67 249 208 34 141
    61 136 72 33 15 166 93 162 213 227 226 74 219 97 198 236 132 59 205
    223 97 140 162 250 17 168 64 143 88 1 240 157 181 14 79 97 26 14 243
    66 84 213 54 64 107 71 76 106 12 1 220 91 16 204 130 115 4 40 40 1
    57 199 164 173 159 138 228 141 168 170 247 5 146 245 246 218 111 35
    71 121 143 50 69 255 241 141 34 207 252 148 101 21 100 170 92 239
