<?xml version="1.0"?>
<opencv_storage>
<descriptor type_id="opencv-matrix">
  <rows>500</rows>
  <cols>32</cols>
  <dt>u</dt>
  <data>
    193 178 222 23 226 10 161 188 122 119 103 188 209 42 142 27 55 79
    224 129 181 252 159 101 76 35 118 69 205 128 203 153 146 64 238 85
    67 83 109 67 253 182 199 18 8 138 55 127 34 165 123 168 100 221 53
    72 23 10 219 7 37 48 107 142 244 64 57 235 106 227 159 64 178 38 161
    24 213 223 41 88 62 61 81 235 32 7 104 58 213 173 43 52 117 243 39
    162 235 84 142 92 89 54 234 90 118 10 239 84 120 210 157 252 121 220
    122 170 163 7 187 91 23 47 187 140 155 113 106 164 153 246 14 164 19
    22 124 117 164 64 194 197 45 14 10 17 188 145 201 165 237 151 17 79
    243 231 154 1 41 6 171 26 251 250 200 52 40 29 88 190 55 234 32 237
    47 130 195 93 132 236 236 68 236 79 193 26 218 241 117 191 58 164 10
    95 35 221 255 87 244 221 183 247 251 223 125 108 120 253 150 52 191
    122 22 13 211 248 62 109 46 30 117 170 203 250 194 253 30 122 119 97
    43 211 58 232 175 176 250 224 77 30 69 191 166 125 247 243 197 211
    63 252 155 218 79 199 99 167 47 197 242 252 48 27 11 141 151 174 159
    54 44 157 238 196 78 20 151 147 234 70 98 36 123 55 189 214 13 126
    88 28 7 126 38 167 252 64 220 57 234 105 234 177 41 88 198 232 92
    130 177 14 74 51 150 97 142 81 14 24 197 125 196 227 219 132 188 248
    252 82 43 219 148 204 122 50 180 184 58 92 206 187 139 88 212 83 102
    103 110 49 67 75 117 187 71 29 95 235 237 53 242 64 251 120 183 219
    234 173 60 56 24 252 223 50 163 87 116 121 150 99 164 2 63 77 37 239
    195 117 199 231 150 80 165 181 13 111 224 202 126 251 82 95 217 108
    93 138 185 197 105 161 161 116 147 82 149 38 219 36 197 113 87 242
    197 41 86 87 49 158 96 32 249 128 226 64 242 82 133 181 48 230 108
    120 173 233 149 110 142 250 69 82 74 160 74 12 78 46 139 52 184 112
    94 2 178 203 136 217 143 238 65 186 133 255 237 145 30 195 226 98
    139 245 191 185 128 113 143 195 196 254 83 65 226 219 182 241 171
    186 62 232 24 151 197 181 39 125 196 98 65 124 168 92 62 216 37 247
    107 179 7 181 189 255 50 40 249 159 135 235 123 109 248 60 78 248
    118 180 185 73 196 115 254 43 170 31 184 84 5 126 91 47 198 197 72
    51 30 225 184 174 121 21 172 169 63 68 157 135 64 82 166 55 125 24
    17 137 147 64 197 249 58 192 136 130 171 57 137 208 103 125 116 143
    235 252 126 72 112 212 251 76 188 49 62 92 22 109 161 244 63 95 109
    159 35 196 93 128 99 177 120 50 156 124 45 45 80 30 235 190 180 72
    174 185 65 155 128 181 236 0 8 99 211 1 211 243 81 59 66 120 78 3
    126 253 145 102 159 89 150 237 139 168 184 104 238 249 69 166 153
    214 204 83 91 43 216 186 185 212 5 255 219 127 214 63 56 165 122 74
    127 219 211 105 78 37 253 42 122 216 174 32 250 153 198 49 74 163
    105 95 121 141 35 127 81 10 111 171 207 223 80 90 171 181 30 159 191
    142 164 253 104 211 231 221 135 243 253 194 230 5 139 251 50 127 53
    191 26 244 138 31 146 191 150 159 19 150 189 103 189 133 194 213 172
    162 38 199 166 55 201 133 242 205 144 239 160 114 30 2 10 4 171 28
    214 180 82 24 251 176 48 234 187 211 225 189 12 222 110 221 183 127
    209 51 55 71 158 247 26 118 91 239 206 37 171 151 231 181 208 84 240
    172 74 51 187 170 59 124 252 243 213 246 151 111 116 156 243 92 200
    74 44 188 37 232 138 224 11 5 225 47 197 22 252 42 199 174 218 174
    186 72 98 40 213 147 137 102 104 111 228 107 205 42 60 62 117 48 193
    113 82 12 216 110 87 71 18 154 106 49 53 132 231 200 235 7 128 181 6
    180 204 168 233 188 101 78 166 245 32 0 98 162 46 45 169 249 161 1
    73 93 176 125 94 232 52 77 24 156 86 164 173 56 226 81 199 62 251
    210 95 69 23 111 91 4 95 254 137 188 149 119 181 173 100 247 127 187
    115 80 190 241 72 173 145 106 22 24 179 252 24 227 143 222 85 34 202
    200 195 169 0 250 186 66 224 0 33 215 123 53 78 28 132 130 194 60 33
    206 34 216 146 218 166 96 205 20 30 111 128 1 167 172 83 169 190 84
    201 156 121 55 171 25 230 24 60 179 84 126 165 135 121 8 146 111 179
    65 223 187 82 74 66 128 235 42 99 163 244 33 252 159 84 41 235 188
    185 13 195 40 214 18 135 165 108 52 206 99 207 29 158 218 69 62 68
    230 218 69 231 226 123 92 104 84 234 200 233 13 240 200 72 206 188
    176 254 201 98 239 198 39 166 65 23 56 34 201 81 19 111 133 37 126
    220 71 230 42 231 188 122 178 123 204 243 105 157 58 31 222 100 111
    225 240 221 42 100 46 101 4 237 243 66 153 67 248 186 84 107 156 125
    87 235 9 108 8 62 159 70 62 167 183 122 8 195 111 178 193 87 188 80
    106 75 128 203 175 27 35 246 101 33 27 248 105 237 168 255 32 235
    242 158 246 186 173 252 168 204 145 39 205 146 253 107 147 70 166
    107 173 159 181 144 50 147 141 50 233 179 189 161 29 78 198 78 149
    181 207 204 244 62 95 152 119 187 208 5 118 235 4 135 222 18 31 251
    9 114 248 186 70 44 69 122 247 45 166 166 208 102 59 143 144 23 153
    36 111 30 37 58 195 133 132 47 221 166 250 186 80 234 157 183 192
    235 63 53 56 12 204 238 62 143 89 211 67 246 103 170 98 86 24 5 239
    70 149 143 197 250 179 104 96 25 157 88 113 169 36 164 141 43 13 30
    21 174 183 221 225 250 43 144 221 243 249 0 123 99 4 78 18 72 174 80
    119 48 184 186 182 50 162 46 232 237 35 193 245 7 127 253 170 162 88
    201 63 174 255 63 224 78 211 11 169 163 253 98 30 117 157 246 245
    221 74 125 15 104 248 191 164 255 106 146 79 231 50 46 255 54 124 6
    42 95 254 219 221 58 188 107 72 113 251 114 98 55 69 108 169 59 253
    46 48 127 184 215 32 30 186 52 31 127 93 1 107 103 142 86 250 95 129
    229 71 130 30 110 57 113 225 45 64 121 122 156 246 54 215 53 236 157
    208 125 201 47 127 199 128 175 226 195 36 122 189 106 98 17 252 90
    81 33 13 175 13 43 207 94 16 184 137 221 156 158 11 145 221 219 221
    128 251 107 6 110 86 67 126 23 30 219 212 61 39 169 95 206 116 236
    182 2 247 165 183 249 133 229 207 163 239 181 118 94 138 130 84 175
    125 195 212 36 72 41 15 137 174 174 126 134 157 218 134 254 95 5 133
    125 174 105 71 123 85 217 58 219 252 90 36 1 126 217 36 187 68 68
    114 175 72 112 238 239 24 89 160 214 182 56 108 224 168 33 183 165
    74 21 173 3 41 75 227 111 228 70 104 138 184 122 224 171 138 186 193
    156 169 149 215 195 104 23 117 251 145 3 71 206 112 220 37 171 236
    132 49 47 177 151 253 113 83 186 217 150 228 119 230 172 184 235 252
    220 165 19 122 216 90 254 108 239 63 42 222 21 123 119 151 199 237
    168 186 124 115 104 233 177 162 175 183 54 153 172 141 82 27 139 51
    227 19 50 124 114 117 79 19 81 113 68 129 71 195 200 11 103 63 112
    170 105 2 126 1 99 209 125 175 16 217 34 47 127 13 48 216 135 127 69
    106 114 128 103 133 103 168 244 190 249 70 242 98 75 186 51 171 243
    248 83 39 128 241 55 220 237 242 185 222 141 110 248 167 37 196 225
    227 230 49 111 204 130 94 241 164 174 230 185 3 235 80 232 227 45
    214 201 107 123 206 32 203 218 227 55 62 94 26 202 117 227 172 194
    110 163 19 128 237 173 134 62 230 34 153 172 140 85 25 167 111 123
    29 162 220 45 122 13 30 29 50 192 85 71 108 225 60 115 93 113 221
    112 49 121 72 114 72 250 249 5 181 170 188 86 8 233 186 240 79 23
    252 0 2 107 160 66 175 150 181 81 67 223 67 231 232 97 178 177 26 72
    114 76 183 57 192 202 242 125 35 61 206 61 4 143 119 233 115 255 164
    92 133 234 98 145 74 95 61 115 165 175 1 74 107 30 84 179 230 109 28
    90 217 57 94 251 239 21 69 162 230 228 106 242 227 200 4 72 24 72
    140 59 21 180 137 163 134 222 22 10 196 236 204 78 75 231 65 146 49
    172 185 37 148 222 12 86 139 157 170 139 240 26 1 163 9 201 83 76
    183 0 216 224 183 253 211 26 11 139 113 155 230 154 203 176 7 175 3
    153 37 147 36 246 123 239 109 112 227 81 30 31 40 210 165 58 205 64
    45 181 242 181 14 188 68 29 36 239 229 187 164 59 191 17 136 219 151
    82 127 23 101 236 92 10 23 2 148 93 142 206 152 127 171 113 223 187
    213 1 127 59 140 170 252 104 33 233 101 108 109 81 16 35 237 241 41
    179 29 83 26 136 174 117 5 12 250 211 8 199 217 176 184 224 138 86
