<?xml version="1.0"?>
<opencv_storage>
<descriptor type_id="opencv-matrix">
  <rows>500</rows>
  <cols>32</cols>
  <dt>u</dt>
  <data>
    107 253 40 171 93 221 83 254 95 104 8 9 182 220 19 48 145 106 91 71
    230 42 120 191 239 93 5 58 20 31 82 206 86 203 206 199 194 146 63
    229 174 5 110 135 105 231 34 80 38 247 169 194 84 153 159 117 118
    167 142 129 41 178 175 24 135 104 109 159 94 205 171 64 206 64 81
    138 249 204 23 32 42 169 114 207 135 96 62 253 21 8 139 40 117 35 1
    212 88 225 106 228 29 82 106 236 224 128 206 2 105 153 56 226 112
    204 251 234 72 131 149 205 243 237 138 13 39 130 126 42 19 96 75 173
    82 75 107 104 41 64 234 138 127 6 19 48 62 169 86 238 201 147 53 79
    177 172 10 0 101 179 35 248 82 133 156 191 184 224 184 39 170 25 155
    49 180 238 44 66 197 63 109 129 26 11 202 215 233 180 190 250 144 66
    165 19 139 156 22 187 113 173 56 50 191 91 115 117 174 242 34 220
    135 35 126 20 167 156 18 215 140 246 50 194 154 68 11 31 183 223 190
    252 238 23 94 255 151 222 244 103 106 255 39 3 221 251 181 103 238
    71 90 187 51 251 237 158 57 252 248 223 223 81 83 1 211 90 167 117
    109 68 242 166 92 4 166 244 54 165 238 225 213 177 53 204 52 38 2 66
    111 182 229 116 131 217 37 126 187 197 159 140 143 124 20 173 188
    220 119 39 134 123 89 79 227 72 122 189 169 88 79 186 86 29 133 127
    82 254 112 254 58 193 26 234 45 0 176 235 45 31 5 85 166 249 221 195
    202 15 2 253 178 240 10 187 55 145 39 15 33 245 81 73 214 143 231
    255 69 65 125 76 50 17 156 180 30 154 18 56 211 58 124 95 47 156 5
    108 123 138 194 165 175 132 8 185 141 253 144 202 158 119 85 19 134
    248 122 136 201 10 187 21 55 44 91 147 141 87 219 255 212 77 153 198
    25 73 227 189 70 208 47 244 118 72 86 226 189 243 179 236 114 110 55
    205 195 152 166 241 196 105 250 128 63 183 49 233 13 40 243 91 100
    189 232 80 127 66 117 68 191 201 149 188 158 41 22 31 135 180 126
    113 6 94 50 168 222 195 67 148 207 128 54 123 137 148 56 43 191 25
    67 16 220 118 44 255 193 19 123 156 54 77 91 215 143 250 218 198 146
    4 169 38 225 65 47 104 69 87 197 61 213 73 243 90 82 184 56 97 216
    132 126 41 249 163 113 4 177 184 226 92 209 40 240 100 233 73 100
    101 76 15 199 116 64 174 242 76 19 9 149 49 72 236 102 110 200 182
    117 8 119 233 225 48 75 186 82 168 219 79 110 45 21 150 74 113 117
    204 214 135 107 10 182 81 120 236 21 253 188 154 37 142 242 107 162
    193 63 165 120 68 135 29 122 154 186 179 186 208 252 64 223 166 220
    250 167 96 254 121 159 211 181 163 30 254 90 61 170 202 220 39 43
    151 70 50 236 153 188 249 152 10 159 125 21 241 140 249 207 8 195 3
    255 21 22 104 71 210 142 94 187 255 156 205 89 71 40 191 208 81 246
    171 181 215 94 59 124 122 22 177 224 20 27 58 130 24 114 250 72 179
    110 133 53 101 211 216 198 171 86 158 47 184 139 224 61 182 173 87
    142 179 28 151 98 75 167 147 253 147 82 9 163 244 219 32 222 207 166
    69 165 115 44 21 145 173 205 105 199 203 6 6 104 78 182 224 105 136
    217 74 2 1 11 34 218 17 164 132 35 60 216 123 149 130 28 72 13 175
    12 71 207 176 132 162 146 197 215 37 17 1 72 244 111 235 73 161 93
    60 225 227 239 20 124 187 52 56 31 151 69 7 178 10 239 181 172 240
    27 230 217 100 152 167 54 103 124 239 209 152 45 108 172 234 239 196
    46 230 145 85 211 107 35 142 31 209 186 64 143 196 145 227 236 220
    119 230 230 229 255 215 198 7 174 249 176 113 139 187 4 47 57 77 8
    151 197 191 162 8 165 63 60 91 91 246 245 114 136 193 103 11 63 1
    241 152 71 21 164 230 254 130 60 228 181 177 24 129 211 65 210 250
    50 71 109 1 110 32 59 50 140 244 50 159 162 80 23 184 37 69 63 237 2
    67 227 130 239 172 29 121 231 17 147 210 59 148 118 252 70 231 121
    199 211 233 54 239 189 220 143 216 45 124 234 203 39 132 175 151 41
    89 137 232 113 91 100 153 232 216 123 122 116 72 189 219 213 121 147
    41 54 78 195 124 174 113 6 248 114 168 78 129 67 173 73 49 146 80
    245 188 180 87 249 201 110 104 46 240 100 180 176 58 130 16 151 169
    146 202 59 252 20 74 202 68 235 167 131 156 23 187 49 188 120 2 191
    89 115 116 172 146 128 252 135 43 94 21 183 156 2 247 140 246 26 194
    136 4 11 29 3 217 166 94 77 149 171 160 207 148 214 6 232 232 54 230
    76 113 170 207 194 233 190 249 7 62 203 10 95 47 121 188 117 63 216
    161 118 191 240 146 203 232 30 106 23 152 211 34 163 108 92 113 133
    249 164 140 222 93 165 247 172 173 90 13 61 104 193 101 44 47 203 24
    87 234 240 77 211 9 81 24 88 236 70 110 137 246 209 24 196 220 161
    52 107 251 82 136 248 65 238 172 12 22 79 109 5 198 210 7 115 233 51
    202 120 228 63 239 72 163 51 136 179 239 224 25 53 254 244 104 50
    127 218 172 18 137 190 103 168 5 248 239 60 234 32 144 190 251 66
    225 71 171 132 111 176 164 46 186 77 18 171 153 124 30 248 100 116 6
    95 58 80 162 188 235 81 111 17 51 31 212 21 171 232 82 212 10 115
    175 237 188 167 240 118 179 170 157 83 204 91 213 122 112 169 0 252
    8 40 159 36 245 238 185 147 226 109 11 48 253 51 248 128 43 115 130
    110 174 34 244 51 152 217 199 144 71 159 109 248 57 44 156 38 0 205
    59 147 17 30 191 16 215 59 20 156 235 209 12 166 223 37 164 235 75
    244 253 227 210 114 79 109 24 18 229 254 52 25 10 2 28 19 184 56 51
    111 29 48 101 211 203 214 246 44 30 215 126 251 187 18 50 219 142
    121 252 239 232 165 133 151 127 230 32 181 225 138 190 174 246 33 58
    218 239 67 181 169 241 123 64 86 157 103 253 116 64 116 76 51 209
    148 52 58 168 22 78 227 190 116 63 119 141 36 104 107 154 194 233
    162 191 104 24 250 137 150 239 218 252 48 237 160 200 86 1 143 43
    199 85 230 110 78 127 124 23 61 251 93 12 155 159 134 239 40 154 148
    157 78 175 255 23 36 25 167 234 126 89 201 235 19 223 126 78 94 247
    239 223 222 121 144 81 207 136 194 184 185 154 107 253 185 11 155 95
    16 57 172 254 70 10 135 59 251 17 22 76 250 243 15 22 26 251 144 68
    7 95 105 17 229 53 225 30 108 23 121 105 98 93 139 44 150 189 132
    198 116 29 189 248 245 4 14 127 116 192 202 180 218 220 3 145 187
    155 112 204 249 23 63 73 118 20 188 222 62 116 183 59 22 29 247 152
    48 247 5 62 58 192 80 132 163 253 100 163 201 193 114 66 107 152 33
    160 143 232 209 7 200 22 50 220 125 248 25 210 229 64 204 140 175
    228 164 163 114 49 0 137 15 189 206 167 173 103 20 50 194 194 180
    179 32 73 108 59 51 129 80 218 83 85 53 34 218 0 29 88 177 136 57
    157 84 139 187 219 82 246 135 69 236 174 46 55 162 212 66 170 142 88
    63 136 117 191 170 245 0 83 58 142 140 93 149 136 107 91 16 138 107
    145 119 64 71 212 115 7 185 124 113 142 60 156 235 148 109 23 198
    174 176 132 42 128 96 120 61 141 116 105 29 255 195 107 68 96 237 10
    66 88 39 53 216 168 6 98 238 163 125 157 241 201 1 127 115 43 90 134
    33 206 104 73 116 159 202 244 84 104 124 78 51 9 181 48 88 232 22
    110 203 186 116 63 111 13 165 32 127 155 90 168 94 33 171 164 131 98
    185 67 161 192 202 131 25 191 117 42 120 181 249 177 9 211 181 200
    209 36 139 135 165 118 39 114 191 78 74 174 87 146 90 96 145 64 209
    239 111 202 51 209 126 169 149 231 236 135 4 143 178 225 136 139 63
    175 122 87 73 248 31 90 73 221 177 246 238 21 164 12 190 214 102 179
    169 99 234 76 66 107 186 117 93 27 82 58 80 16 3 250 40 47 114 98
    240 143 255 87 121 141 120 69 31 171 33 16 238 187 6 24 144 186 0
    108 117 156 54 0 195 194 227 139 22 15 115 223 86 241 107 218 31 12
    120 194 41 198 181 228 118 251 151 218 147 152 47 255 31 236 170 224
    183 143 37 245 90 214 215 183 3 46 124 23 61 187 114 247 111 63 73
    223 167 215 237 4 37 220 129 200 150 227 118 130 226 244 3 91 113
    107 4 8 29 27 194 72 198 172 164 9 2 128 87 150 72 192 234 127 14 43
    207 29 152 16 1 127 83 15 90 6 31 150 83 203 114 166 59 240 62 69 79
    230 125 215 170 100 55 57 19 188 147 152 61 223 108 12 42 194 190
    134 33 241 143 188 165 21 203 119 189 123 27 247 29 213 220 108 222
    167 23 79 211 165 245 108 190 215 47 94 93 238 207 228 139 213 163
