<?xml version="1.0"?>
<opencv_storage>
<descriptor type_id="opencv-matrix">
  <rows>500</rows>
  <cols>32</cols>
  <dt>u</dt>
  <data>
    210 176 148 250 139 237 16 207 171 23 160 25 174 147 104 95 163 147
    237 16 26 79 154 241 153 208 86 127 146 64 135 27 223 220 229 247
    162 62 47 182 61 218 86 180 253 102 155 239 39 87 61 239 241 212 45
    234 172 251 254 128 166 245 129 125 239 251 169 186 233 221 158 221
    155 123 145 253 172 220 222 187 143 83 223 87 247 71 234 243 186 81
    61 255 156 29 159 223 220 85 213 232 138 82 31 248 7 242 140 162 93
    119 233 231 119 213 189 242 105 67 63 152 248 227 239 159 191 243
    165 49 29 69 123 101 118 31 127 112 117 168 127 64 95 19 1 176 54
    220 22 110 193 176 49 14 247 237 33 4 107 179 107 161 40 140 36 187
    189 183 208 175 23 31 212 17 174 56 50 197 201 27 159 1 62 108 91
    191 235 215 222 95 146 12 216 14 126 65 114 230 103 80 126 244 225 6
    246 10 107 207 61 80 122 253 181 227 216 50 130 233 179 255 198 137
    39 186 116 10 135 156 204 87 199 188 190 167 218 147 75 86 232 120
    94 139 135 75 51 23 182 252 59 231 47 31 87 70 204 117 217 204 205
    158 149 183 162 170 60 179 190 219 18 245 253 103 137 203 135 119
    253 21 179 204 139 103 204 243 127 192 140 244 137 89 40 184 187 250
    203 237 49 215 251 79 108 24 60 223 102 56 183 187 115 16 19 47 178
    243 95 221 18 106 208 64 231 251 131 156 174 190 86 231 187 251 158
    79 215 151 252 238 50 73 255 107 51 133 180 223 62 255 119 39 251
    201 149 76 61 211 54 141 82 225 247 139 190 67 143 160 56 11 14 234
    117 0 187 61 23 49 80 177 8 220 190 212 15 247 149 106 75 135 90 189
    190 190 155 224 55 238 190 95 200 179 172 255 34 66 231 123 233 209
    54 75 154 247 249 231 30 203 176 81 165 91 26 63 98 72 82 146 186 83
    165 68 78 199 41 142 55 212 118 191 147 213 150 155 36 236 114 108
    130 195 39 132 124 221 24 127 115 251 226 194 63 214 54 84 94 167
    189 135 227 72 39 123 151 210 194 152 37 248 252 225 62 128 54 213
    165 249 51 191 96 203 252 183 202 223 87 105 248 230 43 232 182 228
    95 170 150 157 159 186 109 255 46 92 131 242 255 206 248 189 131 75
    67 158 86 128 174 245 220 8 80 246 56 194 181 229 110 41 18 207 227
    155 4 255 52 40 170 200 29 152 49 141 215 100 229 69 135 122 239 130
    121 242 135 154 89 46 215 239 35 197 121 191 173 229 173 194 55 122
    223 21 167 245 215 100 237 101 125 101 69 95 119 184 97 230 111 8
    219 93 25 49 24 212 84 106 233 180 121 14 231 217 5 20 99 187 70 242
    66 156 243 156 99 228 61 39 187 226 79 149 60 183 96 212 230 53 179
    12 1 28 178 219 23 118 219 42 22 228 133 120 164 205 13 250 156 197
    199 231 86 17 200 16 240 241 56 65 217 106 26 219 123 170 90 63 233
    134 158 72 24 90 240 42 155 95 102 156 118 144 174 247 149 76 212
    247 41 194 183 197 110 170 134 204 230 143 38 255 50 105 170 201 63
    156 56 221 40 237 17 29 93 219 70 174 95 228 232 41 162 44 6 148 153
    42 194 1 78 58 113 63 47 86 21 51 82 28 94 222 67 154 191 190 43 164
    25 212 175 93 151 117 252 222 42 106 198 51 255 149 151 13 42 245
    209 115 122 218 24 7 165 127 6 161 114 192 116 139 248 97 207 177
    178 10 143 152 116 0 174 173 95 145 146 59 16 212 156 216 11 230 196
    8 17 133 180 41 86 227 149 175 122 192 45 176 179 10 79 27 29 27 234
    225 95 243 56 227 89 236 159 216 131 83 231 27 98 2 128 112 121 69
    64 79 115 24 120 232 102 8 215 23 1 48 52 92 82 106 65 240 241 72 71
    137 33 36 72 163 71 179 189 97 229 66 206 19 207 216 67 246 181 202
    83 65 221 175 89 192 118 250 201 103 239 176 122 8 229 188 247 255
    118 224 18 91 94 191 18 134 62 112 188 132 74 231 109 231 161 64 118
    245 175 230 192 153 31 253 244 166 235 128 53 179 37 17 131 179 170
    190 124 148 190 81 223 203 209 215 172 204 126 162 254 105 159 199
    231 247 158 227 146 125 142 138 13 45 185 213 255 205 174 190 157 52
    79 252 148 222 223 151 113 236 59 193 93 226 155 239 253 71 62 191
    249 79 207 140 191 127 184 80 252 239 68 110 141 95 86 236 211 188
    180 13 106 200 95 151 216 196 228 98 110 103 218 191 187 217 197 63
    123 63 218 6 47 118 243 77 121 63 174 248 127 202 121 228 216 228
    181 164 94 120 18 238 161 178 255 222 36 62 7 140 223 255 99 181 230
    190 188 95 185 246 135 175 218 255 100 84 224 252 223 47 149 119 164
    51 247 100 251 63 43 63 117 254 216 112 197 125 10 213 176 139 253
    241 190 205 15 5 93 163 236 220 110 196 223 27 179 145 70 56 91 243
    47 20 158 235 151 94 189 223 163 252 153 250 232 165 157 247 155 90
    56 88 52 189 101 59 141 123 23 17 243 111 26 251 57 30 93 186 216
    120 131 187 198 190 140 151 169 172 180 135 190 127 26 181 236 238
    78 75 133 87 235 23 54 92 155 227 44 22 223 195 136 85 153 223 147
    94 22 189 42 2 188 102 188 250 146 247 205 30 167 75 231 53 255 167
    229 197 1 206 128 227 254 130 29 52 41 159 207 116 227 131 125 125
    179 156 203 234 23 30 122 220 223 174 21 108 248 29 167 101 191 194
    47 92 5 62 206 159 88 127 43 114 196 131 237 159 172 5 143 253 59
    231 232 108 254 142 205 111 162 151 197 176 77 248 14 86 221 183 223
    222 216 220 255 164 192 182 79 115 66 96 209 227 133 26 104 124 90
    183 201 230 210 227 61 86 252 170 63 87 221 59 39 111 90 198 166 186
    233 211 96 196 105 186 59 157 60 84 48 199 204 148 221 122 53 156
    139 84 250 115 15 156 165 232 0 162 70 249 2 56 139 157 244 226 169
    67 28 128 90 131 156 158 113 72 255 125 51 149 19 216 146 200 13 38
    191 136 132 96 49 184 252 173 88 98 157 255 86 254 117 170 174 24 75
    113 75 181 25 206 204 58 124 239 217 190 123 205 5 125 99 250 218 2
    78 60 163 21 155 124 48 19 187 251 14 125 204 190 70 254 165 127 253
    17 183 88 179 66 15 119 125 235 202 100 135 95 89 239 66 12 19 152
    110 183 163 73 78 236 175 162 130 244 38 238 236 76 71 137 129 63
    186 229 52 210 42 148 138 13 42 142 58 250 93 213 123 230 159 15 252
    19 236 239 38 80 217 251 163 129 62 187 138 255 251 247 159 107 146
    12 110 202 232 207 76 127 40 144 238 49 144 90 183 247 241 78 150
    115 76 231 44 198 237 12 111 63 100 169 234 129 13 160 120 25 75 149
    16 70 11 61 154 173 11 113 13 143 234 254 206 135 31 211 250 134 223
    104 255 241 190 217 94 126 95 78 137 94 151 222 140 183 182 250 182
    172 154 223 25 247 245 124 235 11 183 99 181 99 247 220 46 47 168 7
    127 135 172 127 157 85 147 47 219 182 86 162 169 82 190 129 83 210
    61 171 241 104 126 191 23 157 177 219 132 202 220 172 170 128 173
    225 33 169 26 129 100 233 61 22 90 57 69 4 157 131 219 95 152 36 94
    145 157 253 202 34 109 157 235 217 171 213 119 166 116 83 40 189 60
    81 221 255 49 55 207 109 46 12 186 149 6 52 141 50 219 24 147 184
    112 31 111 29 16 83 218 12 214 123 130 25 18 153 89 212 186 67 175
    136 216 3 172 158 37 196 238 59 155 145 86 11 210 253 29 52 138 203
    16 4 43 143 114 64 240 237 109 72 220 25 107 1 241 138 235 207 156
    126 254 157 125 160 200 38 199 193 151 253 194 191 119 174 86 5 10
    60 179 220 124 228 185 82 186 217 84 32 188 255 165 107 206 57 31 25
    163 75 178 200 221 56 42 170 144 96 37 249 156 245 63 112 27 221 191
    249 245 92 180 20 187 222 44 165 60 177 206 106 243 45 58 223 123
    217 7 61 115 168 135 246 17 13 75 238 20 166 111 83 116 194 202 2
    113 227 49 104 120 170 27 136 137 145 53 206 209 174 154 0 189 250
    48 168 43 191 20 190 127 180 22 124 201 92 141 111 44 248 66 183 198
    251 215 67 214 10 202 189 166 81 136 187 22 78 62 207 209 7 223 237
    62 42 56 95 250 49 82 242 157 163 169 107 103 69 95 45 163 209 133
    201 148 168 58 132 188 240 33 169 56 141 10 190 149 135 198 236 150
    2 202 2 114 250 32 192 217 234 10 227 122 171 8 191 184 167 143 17
    24 122 248 2 35 194 209 237 124 11 236 254 27 49 56 206 181 168 244
    0 251 140 23 45 194 58 200 145 52 156 251 188 21 168 80 137 15 157
    178 145 226 191 54 115 94 123 93 246 156 51 162 36 55 10 22 28 149
    156 44 214 78 30 115 230 154 236 129 213 51 42 115 226 52 131 202
