<?xml version="1.0"?>
<opencv_storage>
<descriptor type_id="opencv-matrix">
  <rows>500</rows>
  <cols>32</cols>
  <dt>u</dt>
  <data>
    26 156 242 91 211 241 180 231 119 23 108 50 40 191 100 172 107 155
    131 144 50 254 49 247 63 223 86 67 243 84 173 174 34 189 173 253 221
    229 189 103 158 207 252 19 188 189 54 32 237 59 211 129 115 250 114
    255 239 207 158 43 217 72 183 250 130 155 47 31 54 212 187 246 252
    77 94 167 168 174 182 96 166 99 191 197 199 153 54 255 111 61 186
    195 12 4 61 223 3 93 46 158 108 196 191 228 157 66 214 2 240 254 55
    97 200 107 59 195 229 131 62 255 55 62 202 138 29 123 49 222 255 49
    235 229 133 126 73 150 49 239 190 30 91 55 91 126 113 196 125 188
    173 211 241 194 219 255 213 148 163 117 118 126 6 185 153 59 186 193
    183 205 62 81 105 161 244 247 104 40 215 91 131 210 83 24 122 113 45
    150 94 235 240 82 167 251 254 97 234 166 101 80 251 120 33 76 213
    171 123 221 90 16 190 217 245 227 204 50 170 161 211 237 170 169 103
    167 126 211 183 89 110 190 206 196 191 225 156 206 215 135 116 222
    63 81 254 227 55 199 228 135 62 110 113 43 238 137 21 59 165 83 8
    145 58 250 115 132 49 244 172 13 117 17 60 159 42 80 166 59 151 0 18
    168 18 117 195 237 50 73 114 2 175 139 247 53 171 68 205 126 73 94
    115 234 190 90 82 191 95 122 249 196 125 188 188 67 241 194 223 62
    247 190 161 241 114 118 95 1 163 164 149 86 110 101 85 65 218 2 95
    186 56 224 248 199 191 229 221 155 53 136 177 231 174 196 173 126
    176 96 140 223 61 187 174 141 159 248 158 80 148 181 183 221 51 99
    206 115 255 67 227 109 123 183 225 201 110 184 28 153 21 251 10 176
    57 249 79 229 185 75 142 29 85 19 172 223 98 73 234 59 179 145 18 90
    42 209 207 81 155 239 144 9 37 227 67 8 215 221 108 134 232 123 29
    136 210 226 244 186 181 104 254 181 63 141 129 219 67 205 20 62 250
    136 28 168 49 9 118 0 218 164 79 105 112 74 139 161 43 11 14 171 111
    154 233 133 227 4 28 19 208 208 23 213 81 63 251 111 8 2 57 77 90
    255 69 222 111 53 85 134 126 2 251 115 34 244 88 228 182 42 104 186
    112 174 231 239 228 1 54 186 120 40 116 173 218 229 148 70 127 241
    32 133 254 3 83 51 64 82 120 254 45 234 88 187 145 40 251 237 167 69
    161 226 236 2 92 245 123 226 147 204 127 189 35 85 15 153 223 247 74
    80 55 223 253 242 90 0 187 51 251 229 39 109 162 215 167 114 90 137
    165 253 137 86 77 47 175 61 134 0 140 182 16 254 224 149 249 129 88
    73 99 213 147 123 218 223 146 36 165 110 161 134 213 69 116 30 236
    55 125 235 122 124 186 40 148 180 159 134 86 12 253 188 101 206 46
    62 48 128 207 204 202 45 94 121 61 254 57 197 87 248 175 216 189 9
    255 223 105 50 223 241 255 99 75 99 250 253 251 209 15 191 16 51 39
    115 61 221 123 73 180 223 235 216 119 72 252 70 27 93 181 116 126
    152 22 248 155 184 61 223 123 205 33 68 255 139 114 177 86 27 97 232
    30 43 75 88 79 160 218 194 215 143 49 100 126 188 63 249 155 51 117
    222 221 236 139 84 181 171 117 32 56 222 126 125 50 223 177 119 124
    45 124 228 191 29 166 113 230 55 206 0 224 185 97 29 230 255 50 147
    83 152 71 187 162 223 98 92 245 248 228 103 253 71 118 188 42 232
    182 181 232 170 162 4 245 187 54 239 54 126 84 11 91 220 254 252 250
    34 106 239 110 63 121 88 173 228 255 135 25 143 151 84 110 189 95
    238 200 151 245 216 87 249 170 128 103 135 118 241 10 148 12 217 61
    211 88 127 23 33 220 2 173 55 176 228 89 154 159 152 27 184 81 223
    175 215 154 87 62 136 184 28 53 77 105 71 244 19 239 248 84 224 95
    226 81 121 181 100 126 204 22 239 233 178 109 174 126 111 165 132
    119 251 112 224 157 20 127 105 114 23 251 120 116 104 119 230 89 79
    178 97 126 156 23 238 185 182 53 94 86 203 163 196 127 163 96 241
    114 33 236 236 62 15 89 24 15 164 247 143 83 207 215 82 190 157 125
    237 136 114 183 217 211 249 233 188 61 170 82 83 125 245 104 107 60
    31 223 216 71 104 189 74 211 89 222 48 88 200 92 250 207 34 237 153
    254 205 165 189 127 187 250 1 186 79 126 254 11 208 93 230 181 6 228
    131 47 239 35 81 236 251 135 192 106 15 34 191 243 243 218 11 51 84
    46 202 32 50 253 237 124 7 249 88 14 184 242 106 85 31 148 50 158
    157 119 168 128 250 97 93 93 171 251 164 69 136 101 41 218 24 59 254
    11 193 19 104 149 4 228 32 126 215 41 93 250 177 207 194 10 7 50 253
    211 243 202 27 50 19 36 123 52 172 56 235 156 207 67 216 86 52 157 2
    211 85 105 96 89 154 15 90 90 52 121 54 237 143 37 116 176 139 212
    162 130 27 170 155 245 149 190 207 31 15 84 167 172 222 55 204 255
    107 147 199 198 188 122 251 39 30 158 171 149 93 189 207 62 13 103
    254 157 243 202 226 149 0 223 162 97 237 177 196 88 170 151 203 58
    171 78 191 178 239 138 201 55 207 116 174 3 171 19 169 124 141 168
    103 142 169 88 98 180 154 224 128 233 59 18 17 19 184 0 223 44 20
    190 234 24 8 49 139 61 117 104 234 52 53 75 248 69 72 253 14 123 89
    187 113 94 200 29 239 201 163 125 188 242 201 161 184 127 155 122
    113 252 64 248 226 77 125 83 152 87 182 181 26 91 93 91 251 89 212
    181 122 40 118 251 144 219 203 229 61 247 187 92 2 221 125 123 102
    182 203 127 240 253 236 63 42 95 253 241 52 54 253 221 122 224 177
    40 206 250 205 37 134 103 251 71 113 35 204 96 153 117 179 186 238
    95 73 92 35 168 250 55 228 219 43 147 145 134 186 68 255 46 62 154
    195 151 94 121 143 153 215 111 236 102 2 239 117 117 64 214 246 89
    31 184 97 126 148 63 239 249 191 37 206 242 235 234 196 47 184 240
    113 123 207 98 206 223 145 222 237 197 4 252 171 104 232 183 196 122
    226 130 230 238 43 46 255 50 124 133 159 55 190 248 204 199 217 195
    197 182 18 238 183 248 192 90 230 221 230 240 230 119 231 62 237 245
    216 149 202 188 46 175 132 173 240 169 21 113 57 46 173 29 223 210
    105 228 228 198 8 243 220 50 32 216 172 122 109 76 171 115 28 243
    229 3 57 80 10 62 78 28 50 253 101 2 74 233 88 116 228 119 231 211
    39 145 88 126 220 111 172 137 240 245 12 197 171 99 4 101 162 71 241
    19 143 75 174 28 131 203 242 134 64 216 231 49 239 178 64 124 170 23
    207 207 139 12 253 248 44 170 200 61 143 48 217 61 93 105 101 244 95
    111 176 121 232 119 110 83 125 149 49 63 236 22 110 233 176 125 190
    254 207 37 180 103 187 82 225 23 94 106 190 118 183 251 82 29 204
    223 231 125 223 183 96 255 251 151 215 167 187 44 255 246 239 170
    128 189 235 61 211 176 93 111 196 148 14 231 244 229 8 178 66 114 25
    53 99 108 246 95 227 232 169 21 237 179 40 230 16 101 185 112 136 26
    200 4 185 13 7 156 101 143 180 144 7 140 136 114 136 200 41 255 199
    76 175 83 208 159 81 219 55 31 12 25 78 88 61 250 180 210 236 117 87
    176 133 110 13 54 183 35 18 162 239 193 0 16 219 176 40 243 237 52 1
    160 112 230 202 223 140 230 158 207 241 188 239 159 243 146 183 104
    236 255 239 251 231 187 151 255 79 207 251 24 114 223 255 159 125
    189 92 93 221 63 253 142 199 95 191 135 234 222 70 255 255 33 96 119
    247 63 234 201 137 51 190 249 239 239 148 62 120 133 123 204 221 156
    190 141 236 71 188 150 150 141 25 247 247 107 67 217 115 105 107 120
    103 218 51 233 247 207 60 144 123 133 66 88 196 191 182 135 232 53
    167 190 23 79 19 254 183 106 74 227 183 171 3 80 157 186 243 209 167
    94 67 32 88 165 106 26 157 99 236 112 70 127 119 37 232 222 239 61
    55 32 116 126 255 55 172 201 154 177 239 249 246 175 128 46 226 36
    123 219 85 229 101 13 90 238 56 117 226 186 196 251 62 148 167 62
    228 124 234 237 240 253 142 166 251 239 144 111 246 81 60 62 115 98
    136 79 83 147 88 5 204 221 175 75 196 171 132 120 184 135 227 76 179
    38 152 114 65 169 191 127 47 62 215 219 94 102 116 102 18 238 246
    225 206 214 230 105 45 183 247 110 228 253 239 236 215 164 232 114
    235 238 129 47 245 124 125 152 201 188 191 13 221 86 182 23 142 198
    3 175 255 34 64 193 251 189 65 76 216 83 191 235 247 222 17 50 60 28
    74 38 237 144 154 221 165 182 204 158 29 89 3 236 216 125 141 217 91
    147 211 22 114 74 241 45 16 143 239 149 95 189 134 137 144 120 249
