<?xml version="1.0"?>
<opencv_storage>
<descriptor type_id="opencv-matrix">
  <rows>498</rows>
  <cols>32</cols>
  <dt>u</dt>
  <data>
    11 14 66 154 119 179 186 66 29 141 87 183 40 202 182 196 255 43 179
    149 182 158 4 255 30 127 154 195 159 13 57 149 11 15 35 137 189 217
    175 230 140 106 152 226 172 172 181 229 204 59 222 101 213 41 164
    252 165 52 154 186 86 124 149 253 155 137 74 236 22 151 234 101 69 0
    220 2 41 136 178 96 120 169 23 237 206 187 36 221 178 201 138 129 55
    138 120 140 233 94 117 94 109 95 111 184 85 78 118 28 122 117 181
    253 28 246 126 110 233 244 123 255 119 251 112 0 115 249 84 125 24
    151 2 184 52 131 232 119 148 9 218 102 44 139 160 64 236 187 151 129
    202 187 0 221 224 228 186 192 61 8 48 155 7 37 166 129 141 54 200 27
    197 201 155 23 216 108 30 46 217 3 123 189 157 227 115 196 139 94
    207 212 143 110 240 86 63 60 231 131 252 54 239 90 87 207 223 215 73
    108 215 142 127 237 215 191 189 243 125 202 58 95 175 132 175 255
    248 213 19 13 226 77 22 162 79 46 85 0 202 66 113 105 181 96 114 238
    25 237 168 153 5 239 34 46 138 0 181 211 112 12 132 237 150 154 214
    130 166 236 150 144 80 18 228 248 41 65 91 106 2 241 114 255 10 255
    168 6 143 76 149 120 177 136 185 205 103 72 93 87 204 239 84 210 226
    66 19 16 180 229 105 144 18 168 109 175 119 158 59 139 199 77 115
    184 240 172 166 154 100 155 238 219 152 35 159 246 85 191 170 44 150
    9 207 183 239 19 252 124 109 246 30 86 221 243 119 140 220 87 70 89
    187 252 108 100 93 123 161 8 250 32 118 255 41 122 212 247 61 162 9
    67 146 227 211 255 230 138 152 114 96 51 222 127 243 226 231 124 190
    212 169 235 31 255 13 157 253 174 166 215 159 215 208 21 172 226 123
    217 174 171 167 223 133 215 67 18 229 141 174 50 184 19 140 231 90
    247 137 46 183 238 198 55 191 133 149 152 231 192 4 54 250 130 140
    228 181 93 88 72 158 174 10 70 25 156 132 135 198 131 189 23 33 74
    229 145 187 145 10 5 19 74 211 135 254 137 176 18 45 26 168 47 33
    201 221 199 69 127 87 172 228 8 162 21 161 213 72 186 2 24 122 42 97
    30 47 216 149 61 210 136 116 234 42 129 34 203 85 197 171 101 92 69
    85 2 40 152 54 68 248 42 19 141 18 186 52 255 103 60 154 75 23 14
    116 206 198 212 52 190 109 20 124 239 31 63 211 31 204 254 60 207
    255 213 255 163 98 71 219 209 151 122 223 223 30 252 245 23 154 208
    138 191 1 196 191 205 30 7 81 19 237 223 42 72 252 121 147 195 98
    134 26 235 161 247 158 139 20 16 165 218 168 191 81 220 98 234 111
    254 49 6 108 191 41 103 136 148 62 251 135 162 106 146 46 127 116
    150 224 128 50 208 134 249 126 154 144 232 219 160 18 202 175 21 232
    185 12 239 108 216 221 145 163 208 26 11 2 247 155 245 3 111 211 5
    166 18 42 59 97 209 229 151 233 247 7 189 124 198 41 167 213 140 78
    58 179 220 145 216 242 212 79 219 221 224 167 140 212 249 150 246
    120 186 154 133 155 188 30 53 157 191 253 79 74 0 31 155 71 247 114
    78 91 119 236 133 47 252 61 138 133 242 114 30 61 190 173 99 149 107
    143 126 154 35 238 60 36 75 205 183 189 33 120 105 107 157 155 243
    219 151 148 110 52 91 145 9 67 252 84 128 233 117 132 0 210 194 49
    139 48 64 104 169 23 201 73 155 4 221 80 168 170 128 53 136 113 168
    2 129 66 200 87 145 168 96 21 1 84 130 44 139 48 196 122 57 147 129
    66 186 0 223 6 52 138 203 23 12 57 136 146 129 44 175 136 68 157 105
    134 28 145 3 213 255 122 67 204 25 57 227 88 65 218 21 201 161 235
    253 20 42 181 210 51 223 98 204 22 130 207 119 5 68 222 230 41 202
    182 68 126 170 23 205 201 187 36 191 176 236 174 136 63 158 112 61
    126 125 187 72 203 117 151 206 139 222 188 43 28 255 111 46 253 217
    151 242 67 35 186 210 123 221 143 191 211 127 166 119 254 115 187
    168 235 69 148 204 139 254 148 171 12 223 111 27 255 217 247 243 74
    71 186 208 251 81 207 191 22 124 39 243 186 135 108 229 12 75 85 43
    23 182 159 155 67 45 18 3 137 132 237 39 120 105 105 158 219 203 229
    181 117 236 84 106 232 140 220 252 108 96 88 186 27 54 240 26 179 59
    21 91 203 211 183 227 42 70 202 177 151 251 224 189 20 249 84 10 23
    131 104 136 248 145 139 217 23 93 221 215 9 206 190 228 127 137 151
    253 159 2 110 215 26 13 170 236 63 135 180 244 17 9 75 184 86 131
    233 119 132 0 208 230 49 139 176 64 106 168 23 201 202 187 4 221 240
    172 170 192 53 136 112 168 221 165 158 160 181 15 144 175 222 181 2
    31 214 184 122 3 177 69 121 53 244 121 153 150 233 195 95 117 136 44
    153 74 244 80 189 189 13 79 85 189 204 122 131 24 247 113 41 107 193
    84 124 99 105 101 123 17 193 227 85 20 56 120 212 50 170 70 100 239
    108 164 217 112 201 88 249 106 171 15 180 19 204 129 23 195 201 38
    64 221 134 249 234 186 31 142 82 217 6 112 166 210 101 228 184 68
    141 217 211 17 188 158 118 10 236 185 179 215 128 215 26 224 7 24
    218 138 128 31 161 211 154 157 213 89 143 249 180 139 223 27 116 114
    232 240 132 173 43 178 190 128 51 124 43 243 23 122 90 207 255 68
    237 45 6 80 242 195 231 141 185 196 143 57 51 162 140 158 100 74 230
    25 183 211 146 152 8 224 29 152 26 230 149 31 161 241 162 188 125
    179 155 207 155 231 159 230 32 159 172 76 39 1 143 59 211 21 96 205
    120 254 171 214 31 115 209 12 7 250 160 161 193 143 252 65 140 79 94
    1 216 18 178 232 52 64 218 10 94 145 27 43 207 219 172 60 158 56 149
    72 240 168 60 91 132 167 45 11 70 184 69 170 155 111 98 57 27 138
    200 196 125 99 76 97 75 170 208 214 245 151 41 127 88 11 46 133 100
    201 253 223 175 239 95 53 223 18 204 46 60 100 251 31 255 161 178
    185 121 221 173 127 207 246 150 14 213 164 134 129 24 187 197 197
    181 233 31 21 69 19 204 222 106 72 217 27 147 195 114 30 90 243 197
    17 218 111 16 15 189 194 28 132 20 169 189 43 104 143 46 51 219 19
    207 42 24 201 217 135 238 49 30 176 75 149 140 247 255 85 148 74 153
    0 10 220 37 255 181 247 158 175 31 83 91 247 236 127 60 229 221 123
    179 167 231 212 123 255 39 126 223 134 150 254 181 126 26 141 78 244
    148 150 232 119 181 129 222 2 57 171 48 64 104 167 63 153 92 153 0
    206 251 229 190 193 39 0 125 10 180 172 156 184 236 105 86 202 146
    187 176 57 150 249 97 27 201 216 68 115 62 102 74 51 219 199 229 125
    152 121 88 2 247 76 138 190 205 36 206 238 144 6 217 23 35 232 51 75
    217 227 17 207 44 7 218 163 177 114 222 24 29 127 186 218 2 137 2
    137 21 131 168 101 12 5 80 3 172 138 48 68 248 43 147 193 82 184 0
    221 37 52 138 195 21 10 49 142 204 30 238 183 246 106 125 151 49 95
    87 183 157 45 146 203 103 247 151 15 176 252 225 170 230 251 126 129
    166 221 189 113 255 221 232 222 149 118 87 188 87 199 143 23 120 119
    63 231 81 230 153 238 253 71 57 175 251 111 197 151 191 247 248 86
    92 32 138 168 153 164 88 91 22 21 205 149 205 227 106 72 81 138 187
    181 26 131 91 130 216 229 171 221 186 69 184 82 36 92 249 225 236
    109 246 250 129 170 56 75 19 61 117 2 205 89 23 98 65 50 216 168 101
    204 229 46 245 251 84 163 101 147 105 200 252 167 202 153 87 81 249
    222 83 105 188 96 221 138 23 25 155 42 127 151 94 61 160 124 215 139
    208 0 39 13 7 158 236 165 200 41 132 90 211 66 224 72 52 107 200 162
    59 175 153 175 91 252 13 58 218 216 20 11 112 0 147 22 123 225 102
    171 184 83 204 34 92 238 60 152 180 33 46 59 23 1 129 188 36 223 86
    9 58 162 125 136 17 169 34 62 118 243 55 191 177 102 223 231 189 191
    106 236 38 9 143 51 195 17 166 235 50 253 75 83 80 51 79 77 86 223
    181 13 111 222 188 162 239 112 212 74 211 214 113 235 181 97 120 226
    63 207 185 171 62 255 112 170 234 200 61 171 112 184 35 72 103 83
    109 219 236 229 207 226 214 74 232 8 183 172 235 36 250 15 197 188
    127 254 6 30 215 18 77 62 89 236 158 93 114 194 195 112 191 230 137
    166 188 163 12 190 103 134 239 243 151 195 244 27 32 226 51 93 143
    179 103 125 173 223 156 104 173 161 29 103 155 200 150 182 144 19
    223 204 121 72 217 89 155 243 42 229 89 146 201 199 143 53 181 57 21
    66 177 204 107 209 86 147 234 118 85 32 240 194 17 9 176 33 104 168
