<?xml version="1.0"?>
<opencv_storage>
<descriptor type_id="opencv-matrix">
  <rows>500</rows>
  <cols>32</cols>
  <dt>u</dt>
  <data>
    88 93 62 164 15 239 85 115 197 236 254 43 63 189 35 82 34 181 239 33
    76 169 48 136 243 225 96 19 98 248 4 91 108 94 241 127 123 185 146
    178 219 174 56 252 239 120 129 180 143 123 230 0 166 124 202 191 46
    215 37 59 214 239 79 165 169 4 81 69 20 47 110 55 117 162 106 80 243
    33 149 180 89 174 0 44 233 188 81 15 37 190 16 0 75 192 66 40 92 6
    204 225 18 42 104 10 38 55 207 178 195 35 137 202 115 132 108 184 26
    149 69 6 158 231 178 69 164 193 44 0 101 15 235 103 116 162 239 18
    112 67 127 194 113 36 149 112 126 238 22 239 137 176 229 42 36 44
    162 128 237 243 112 224 14 142 20 187 187 161 56 175 158 29 72 177
    236 227 34 72 135 19 171 145 18 73 10 245 205 183 90 79 146 64 173 3
    26 8 103 233 117 195 233 97 5 64 91 130 57 159 48 100 106 185 19 137
    1 185 37 220 85 252 154 192 55 142 53 232 146 212 44 185 142 115 156
    47 140 22 138 179 197 110 62 75 195 51 187 131 116 205 87 149 192 35
    222 211 20 120 189 82 19 91 89 173 114 10 107 112 41 64 120 229 127
    14 131 16 54 161 20 230 205 144 21 95 180 244 10 130 61 146 35 221
    77 253 189 221 155 197 183 186 206 253 142 2 252 246 100 98 229 95
    122 216 195 105 187 113 45 175 111 118 16 49 37 105 86 124 239 36 3
    98 187 64 161 198 202 163 73 254 55 90 54 245 249 227 5 199 180 200
    19 103 203 139 165 117 39 118 223 7 98 173 21 150 106 49 117 204 214
    86 73 42 178 244 126 164 60 236 188 152 117 206 186 253 162 192 191
    165 120 68 12 95 58 76 242 59 183 241 108 104 124 236 93 182 169 48
    126 31 198 98 193 179 52 110 244 165 38 136 88 243 7 177 157 93 86
    78 26 22 143 248 212 64 245 230 121 214 187 101 126 248 18 238 233
    163 60 255 112 41 43 136 127 183 41 245 34 203 82 153 119 147 178
    230 95 1 126 230 40 193 166 196 90 42 162 80 70 184 66 255 38 54 150
    67 95 158 120 141 3 180 152 225 245 189 234 215 127 73 92 84 156 59
    94 32 189 11 22 29 151 184 144 243 111 221 190 224 202 194 251 141
    60 106 59 110 81 197 95 80 160 140 237 136 123 199 33 144 124 248
    197 194 74 7 56 63 243 229 32 57 115 179 38 226 74 127 251 92 123
    212 157 87 169 204 60 173 44 159 103 22 166 177 215 80 1 11 178 72
    115 253 46 187 67 116 39 251 109 248 232 161 124 27 210 154 75 232
    30 110 150 24 211 34 3 108 124 125 135 120 205 136 238 93 173 246
    142 189 90 7 114 169 130 150 213 132 230 198 51 133 202 11 34 169 87
    196 233 234 233 213 90 139 146 171 185 38 156 11 161 92 250 142 167
    170 236 151 86 6 234 184 50 245 0 207 97 109 94 17 55 78 49 157 166
    220 159 127 78 6 221 228 45 164 90 216 71 107 135 135 47 210 170 64
    143 232 211 227 236 220 247 230 226 101 251 213 197 65 231 224 28 48
    139 139 6 47 57 69 216 86 215 181 163 14 124 125 49 186 114 245 95
    63 8 219 183 213 255 164 100 213 1 10 247 227 118 133 99 244 239 219
    169 105 197 17 228 219 164 87 94 114 84 244 160 0 147 173 11 42 66
    13 229 252 103 216 36 18 116 160 94 220 154 156 98 203 211 108 122
    136 94 71 169 1 248 237 44 238 36 212 254 243 239 133 70 11 128 235
    48 52 28 139 93 150 166 29 34 180 59 184 249 231 144 111 159 77 248
    45 44 159 38 0 221 51 215 17 158 47 18 223 27 94 25 251 210 12 164
    95 117 76 247 103 12 47 199 144 192 170 59 74 211 112 213 171 24 228
    124 111 137 245 237 40 133 170 229 52 97 251 80 36 39 111 227 7 212
    155 230 197 97 228 122 206 35 200 213 132 56 238 66 95 197 178 172
    168 62 12 133 32 103 254 218 204 188 92 213 117 35 63 116 158 53 186
    114 249 207 63 65 155 47 213 237 32 108 244 193 0 214 235 117 5 226
    252 74 27 100 191 204 69 184 75 163 186 130 189 190 173 195 101 198
    2 9 214 109 112 24 105 195 32 108 166 101 117 193 233 198 51 75 89
    43 159 74 224 173 246 252 64 78 230 245 242 179 105 114 111 59 207
    193 24 182 113 84 43 250 136 29 114 49 216 177 141 56 122 93 215 194
    232 86 72 237 8 114 216 62 113 216 136 6 99 238 35 124 191 241 184
    129 125 89 10 122 134 89 225 106 197 31 82 235 236 228 128 206 2 249
    157 24 98 112 196 123 237 194 185 181 205 127 105 134 5 39 166 125
    42 135 184 245 219 174 224 161 142 222 81 90 114 240 248 221 110 67
    79 58 145 147 252 255 241 12 58 218 194 140 65 33 189 15 25 122 218
    240 243 186 192 189 73 255 166 92 254 167 172 254 121 151 211 181
    147 56 246 26 21 171 199 223 35 43 151 118 55 209 167 14 3 30 248 1
    224 139 239 103 104 156 147 54 247 253 99 221 211 221 172 176 96 77
    178 45 191 26 17 116 51 123 106 90 217 83 104 227 172 169 40 118 223
    109 48 190 185 204 98 74 35 170 61 155 133 33 59 113 35 70 35 75 107
    131 150 72 176 172 86 168 200 76 198 181 230 209 172 52 111 50 206
    193 90 166 97 20 32 254 168 12 210 43 188 43 127 104 3 219 87 95 222
    83 228 172 143 40 12 215 180 28 210 192 246 239 238 117 190 103 77
    149 51 111 223 94 252 115 160 239 87 140 125 204 109 223 211 163 26
    242 104 94 35 185 198 120 13 180 225 63 65 11 30 85 25 197 104 217
    108 246 142 230 36 212 114 206 171 81 235 210 251 67 44 159 242 89
    214 253 161 188 247 229 14 48 38 253 149 165 252 246 84 217 241 120
    104 55 209 87 254 115 109 148 40 62 159 186 113 178 155 157 232 106
    27 176 255 251 201 62 235 54 20 175 107 95 64 198 164 6 34 239 70 37
    226 222 135 75 41 51 78 122 229 63 239 136 179 5 200 176 110 218 0
    239 255 120 76 136 154 222 115 32 157 120 51 62 31 119 245 191 11
    130 217 167 59 239 0 18 252 67 115 206 211 112 193 90 136 73 155 199
    240 245 209 239 81 172 137 207 115 179 242 152 222 204 239 79 83 122
    147 115 100 239 211 12 24 223 254 207 120 129 165 60 254 25 168 250
    173 86 222 23 43 56 109 135 243 104 144 153 219 134 16 10 58 72 55
    249 197 37 127 248 91 142 11 210 205 62 188 59 192 181 39 169 21 130
    49 164 159 36 67 162 51 121 1 98 15 146 119 249 50 94 91 4 0 167 74
    197 205 140 188 204 36 78 159 90 242 0 84 247 248 123 107 49 198 56
    127 237 101 159 34 252 47 231 44 188 113 249 0 61 28 231 93 87 63
    254 123 85 226 118 215 121 109 53 133 127 238 131 174 229 240 21 174
    127 207 69 0 111 253 104 144 201 12 252 87 4 124 237 150 124 83 102
    2 185 55 149 111 111 86 59 202 33 188 245 97 71 169 210 0 71 209 97
    40 52 68 70 78 68 6 238 236 228 2 243 2 115 75 61 81 120 192 2 234
    104 183 25 108 115 170 194 0 105 243 104 40 34 157 107 81 210 248
    187 103 63 69 106 163 56 158 54 112 99 191 51 149 150 154 52 247 95
    44 154 195 189 4 247 222 179 83 65 173 86 7 204 125 20 32 208 238 23
    2 176 196 126 141 6 173 233 186 85 159 176 160 170 152 61 136 161
    157 41 0 79 77 69 86 105 120 22 80 102 2 81 151 50 221 120 140 51
    236 9 210 115 29 71 235 224 4 123 140 120 242 199 155 181 222 59 197
    157 153 159 84 21 189 252 220 183 111 134 123 61 71 243 76 122 249
    161 120 75 186 20 45 5 127 143 145 135 155 145 244 56 27 174 89 71
    16 220 118 42 123 229 19 123 156 23 216 59 85 143 51 218 198 146 68
    161 118 131 201 137 155 196 221 172 231 222 80 8 64 180 216 125 96
    201 106 26 77 199 40 94 113 45 24 143 40 80 88 209 172 42 175 106 99
    82 219 186 64 60 32 111 131 163 204 36 32 58 57 130 66 70 176 12 63
    103 197 15 1 101 142 14 212 195 241 57 158 58 199 159 188 158 72 132
    245 252 220 190 100 151 121 121 103 227 77 127 191 168 54 171 250 28
    13 21 117 69 189 249 71 224 124 103 182 233 99 47 12 178 52 94 54
    130 110 80 78 213 120 252 99 39 28 4 40 72 243 203 252 242 100 236
    13 77 91 68 43 83 230 180 154 163 9 214 151 72 132 228 45 109 110
    247 155 182 19 193 61 127 172 222 68 185 165 122 106 213 191 83 221
    115 13 109 4 59 201 58 49 184 42 6 92 190 186 56 63 107 201 4 73 251
    130 250 206 252 83 215 78 58 114 18 24 33 140 167 236 75 71 205 223
    86 212 236 114 9 199 235 40 242 225 33 159 226 179 108 115 143 120
    177 91 104 157 120 80 127 74 117 124 188 222 213 188 151 57 22 14
    135 86 250 115 7 221 51 170 90 129 67 181 41 65 15 232 93 199 105
