<?xml version="1.0"?>
<opencv_storage>
<descriptor type_id="opencv-matrix">
  <rows>500</rows>
  <cols>32</cols>
  <dt>u</dt>
  <data>
    19 103 102 39 48 154 239 116 121 236 43 169 107 12 214 50 182 103 85
    165 228 216 164 111 34 94 53 160 65 134 199 221 33 166 64 5 116 155
    234 35 124 163 126 220 227 40 150 164 25 46 70 44 180 188 69 15 46
    62 32 0 79 138 90 140 34 185 98 28 81 148 184 103 59 76 80 131 40
    158 54 148 238 185 147 197 198 154 146 221 23 60 154 171 5 4 63 222
    116 41 251 98 218 233 83 200 227 172 173 40 83 215 73 58 17 252 108
    82 26 99 234 32 219 165 37 125 224 227 70 99 51 169 107 9 82 147 234
    115 100 64 248 199 57 140 182 32 126 173 23 189 143 187 36 93 58 45
    170 192 109 132 99 220 226 184 233 80 201 237 145 215 187 115 176
    253 58 157 84 59 175 183 255 145 187 111 242 65 29 18 16 251 205 4
    198 251 106 121 98 76 121 212 250 101 169 76 252 137 40 222 23 180
    238 185 215 197 198 43 182 253 51 125 138 139 71 6 111 223 141 188
    243 82 243 253 49 214 251 95 44 60 186 246 143 188 167 107 196 28
    183 238 190 99 79 223 117 75 195 213 199 253 249 178 233 76 232 116
    93 159 51 95 231 252 91 54 158 123 55 222 252 188 191 70 239 67 210
    235 116 204 170 228 230 117 203 188 227 87 241 124 249 86 121 239 62
    60 58 124 214 182 167 255 213 25 179 252 182 106 127 95 53 226 239
    196 207 255 54 237 96 1 223 83 198 237 87 228 140 175 67 108 95 132
    89 204 131 231 108 50 109 158 58 6 141 117 119 126 220 222 88 189
    159 250 186 224 21 143 166 21 138 56 255 247 72 115 35 247 237 144
    59 73 187 53 249 227 63 91 160 80 167 123 208 156 159 250 139 228 17
    151 190 19 130 16 188 183 96 107 231 55 57 145 51 77 146 115 217 162
    94 74 152 64 165 59 219 126 118 90 115 220 122 148 185 76 230 253 43
    214 135 112 167 253 253 198 166 199 174 127 114 249 32 203 42 149 46
    87 44 126 119 119 99 251 178 240 249 110 62 173 111 221 151 48 182
    123 213 71 164 245 164 63 86 95 33 179 71 159 71 215 204 253 253 119
    180 111 127 188 127 238 126 40 255 125 139 49 159 94 127 106 233 244
    249 47 239 255 37 132 194 243 199 115 245 160 225 69 154 56 72 154
    114 241 160 220 83 4 220 191 55 204 124 189 191 70 239 1 24 40 37
    252 109 164 66 52 245 102 94 0 74 11 71 216 162 214 160 237 83 194
    203 27 55 204 204 118 108 71 170 32 218 161 101 60 104 179 2 85 105
    163 112 71 179 155 54 44 121 104 104 232 106 100 140 180 182 94 196
    100 212 248 197 13 38 254 1 50 75 6 75 157 2 59 42 60 115 129 186
    102 62 76 88 163 44 206 54 0 190 57 151 197 198 152 6 253 48 4 58
    139 69 4 47 219 201 186 148 245 168 60 40 30 170 187 52 112 157 179
    192 175 133 87 252 24 35 76 203 160 141 211 127 244 138 224 139 169
    205 162 212 117 169 56 109 143 250 183 38 144 205 98 203 255 35 70
    104 28 22 84 239 0 140 251 87 117 226 244 137 132 212 36 236 19 139
    122 100 138 119 87 102 149 195 96 223 95 35 198 232 28 62 244 255 32
    142 235 85 69 227 245 206 86 237 86 46 28 169 118 21 248 228 222 230
    117 82 116 163 123 197 84 236 38 237 199 251 28 115 99 101 159 218
    117 46 119 2 169 34 25 113 192 184 231 63 9 88 161 168 142 180 132
    254 59 147 193 194 154 130 253 44 60 154 203 71 4 47 222 240 54 89
    72 98 42 67 18 49 14 228 252 7 131 128 212 54 252 204 42 41 7 128 62
    146 161 48 56 42 193 10 17 217 50 192 4 122 24 74 56 51 224 134 236
    47 198 194 114 54 236 108 172 8 71 167 67 178 229 33 184 34 164 2
    117 36 90 18 75 48 31 98 208 125 14 101 72 134 64 133 56 144 0 66 74
    1 180 120 50 6 158 0 16 218 147 78 133 50 187 163 110 48 150 22 181
    19 232 218 101 114 252 164 112 212 126 181 195 204 218 234 189 107
    124 165 178 34 166 118 127 52 101 255 111 220 79 247 248 119 166 255
    8 83 121 13 48 248 220 110 106 104 243 249 46 255 255 69 53 97 251
    198 162 37 147 18 75 225 31 100 49 108 12 99 12 198 80 14 16 144 0
    96 42 84 176 49 0 4 186 64 2 72 42 202 135 33 116 26 5 4 127 212 37
    120 110 38 29 178 48 14 16 152 44 64 44 44 240 241 14 103 159 17 51
    72 88 218 199 44 97 48 1 5 91 198 1 79 228 175 8 194 24 70 148 152
    36 192 98 76 178 97 28 39 85 1 51 66 30 222 198 233 213 21 69 41 14
    71 53 229 168 174 76 218 53 128 247 4 212 108 110 217 169 113 13 163
    250 69 16 106 170 192 48 58 16 98 136 109 247 248 72 29 79 213 183
    76 222 62 204 255 153 151 161 142 183 114 223 147 95 154 239 23 14
    61 215 9 58 145 99 48 175 107 18 62 171 122 68 191 23 128 164 21 62
    23 28 131 184 113 47 229 207 50 128 194 194 3 177 225 81 213 84 105
    30 76 61 121 170 54 76 82 37 149 255 28 212 228 110 233 118 251 12
    55 250 69 52 75 184 202 60 75 43 107 193 54 178 171 18 108 192 222
    226 185 14 151 228 102 189 255 205 133 153 165 236 166 105 170 192
    39 133 57 125 9 60 129 103 53 46 107 50 52 169 106 68 255 51 0 148
    20 110 93 60 137 152 81 46 237 254 37 0 170 194 66 57 229 105 212 64
    205 28 68 184 123 178 37 92 66 97 221 255 65 196 104 126 249 102 219
    32 63 248 197 124 10 241 218 36 212 38 254 101 162 106 53 1 248 166
    35 121 199 57 73 91 183 117 236 34 48 241 129 8 208 227 101 23 224
    99 135 3 43 28 126 223 116 166 251 214 21 79 222 182 249 223 183 108
    223 251 23 157 163 190 113 255 70 255 186 192 159 137 112 249 159 90
    227 216 50 182 251 210 61 75 214 246 57 222 181 104 126 185 31 221
    167 157 38 238 210 111 186 192 183 149 53 253 185 222 111 255 38 2
    239 182 84 74 214 230 51 41 177 97 110 230 63 207 233 188 101 175
    246 235 242 128 61 153 112 121 64 190 188 113 162 72 20 135 106 191
    2 57 166 58 64 27 131 87 237 16 50 76 195 34 207 215 116 119 192 80
    135 11 0 166 11 243 48 175 107 18 52 1 67 80 183 3 0 16 81 58 4 24
    59 156 81 47 197 166 184 64 128 139 2 40 112 32 182 86 139 75 20 108
    254 190 163 25 70 243 108 27 129 247 232 2 88 71 138 32 155 130 85
    59 64 112 134 2 153 222 111 251 36 137 239 182 85 74 246 230 179 9
    180 97 110 162 23 207 235 188 109 191 102 235 242 192 125 155 112
    249 116 160 158 214 139 89 84 232 237 55 166 10 70 245 10 94 41 214
    232 2 28 99 139 32 211 195 84 51 225 72 70 6 118 54 158 94 137 241
    20 72 167 158 133 57 110 247 104 31 129 119 233 0 46 67 138 21 243
    242 73 59 130 115 175 3 194 186 156 183 171 136 56 159 58 53 6 245
    172 35 74 95 167 87 233 16 54 76 203 243 206 243 94 243 138 196 141
    27 174 88 235 219 117 245 251 214 95 206 84 23 168 220 55 104 221 57
    151 149 166 180 118 234 71 95 158 131 151 93 117 223 199 78 109 191
    38 160 239 176 158 90 87 231 253 108 179 105 102 99 63 207 231 4 46
    251 198 107 234 136 61 255 113 125 139 120 170 151 101 84 189 84 89
    206 84 151 168 220 247 173 252 105 147 199 229 246 182 234 7 95 222
    171 143 125 127 255 108 227 188 186 170 201 23 172 10 61 53 185 230
    127 74 27 155 83 229 82 122 106 203 53 239 211 117 255 240 27 134 75
    171 86 127 92 110 183 159 120 223 74 84 238 120 220 183 165 158 113
    151 111 229 39 46 255 50 91 107 186 95 191 113 245 170 225 20 154
    205 213 148 237 159 29 161 25 168 216 110 133 201 187 194 1 118 111
    90 241 51 81 222 123 83 12 254 142 57 98 231 125 18 91 75 62 119 228
    246 224 115 101 150 245 123 236 52 172 169 248 109 31 234 239 53 132
    103 180 102 124 183 245 124 238 206 17 222 249 193 242 189 234 89
    252 253 35 127 211 87 235 237 99 190 186 122 201 237 188 125 251 218
    149 124 227 120 97 186 75 87 168 107 189 52 169 70 121 74 18 147 92
    204 114 78 96 203 21 254 193 37 127 114 171 78 3 94 183 208 36 155
    30 62 168 187 180 170 237 79 170 79 146 183 213 236 119 212 81 157
    64 186 213 77 183 170 247 11 21 255 148 238 100 150 90 222 187 81
    226 190 186 115 125 150 55 63 212 253 47 253 231 125 158 122 111 229
    148 111 239 90 117 90 123 146 164 19 142 122 80 161 160 194 237 207
    195 66 208 54 229 237 230 12 209 144 76 178 229 15 160 42 182 43 17
    154 30 63 252 63 195 157 123 159 14 20 106 44 223 177 1 174 49 159
    129 226 47 34 255 243 67 171 187 53 44 21 235 186 178 166 29 75 247
