<?xml version="1.0"?>
<opencv_storage>
<descriptor type_id="opencv-matrix">
  <rows>500</rows>
  <cols>32</cols>
  <dt>u</dt>
  <data>
    90 235 10 188 89 144 154 230 172 4 236 165 172 194 35 212 234 235
    202 197 70 11 130 255 240 117 10 27 82 23 43 142 172 251 252 232 253
    199 83 220 159 157 244 173 14 223 101 16 222 251 199 80 186 107 90
    188 235 209 5 127 210 153 198 243 212 66 77 173 10 10 15 184 52 162
    195 194 215 99 153 83 118 197 109 239 105 212 77 10 212 162 235 148
    36 243 33 32 100 161 189 116 205 73 69 233 242 186 180 8 114 245 73
    51 153 254 116 40 121 99 250 8 251 143 101 61 192 120 198 234 233
    115 80 64 49 94 65 27 99 44 172 12 11 3 195 180 16 132 204 40 79 35
    241 25 99 249 1 61 98 160 78 38 112 239 17 137 220 137 230 239 78 37
    168 76 166 128 72 144 201 138 74 80 79 43 200 119 188 132 132 126 80
    90 194 140 164 175 146 58 217 165 18 234 147 9 248 125 38 224 104
    144 217 234 198 80 62 43 138 63 56 212 37 123 216 15 234 143 58 58
    186 126 77 253 82 82 65 110 252 13 42 185 87 28 200 234 196 0 140 35
    240 162 83 221 16 59 211 127 126 206 36 176 156 179 141 237 176 143
    222 123 1 25 150 185 74 10 129 10 123 17 23 108 219 145 205 21 21
    127 216 72 219 130 86 223 183 186 154 192 23 132 183 7 203 161 231
    215 41 80 179 243 237 195 74 1 10 115 241 230 46 139 52 83 165 123 5
    221 156 247 244 141 164 182 158 179 64 64 244 113 73 171 7 122 50 88
    115 248 91 61 237 135 127 100 152 248 153 169 50 44 86 252 85 251
    226 98 253 130 226 10 10 248 53 145 249 173 130 161 61 191 16 222 51
    254 131 75 233 40 106 134 1 109 218 133 150 170 235 6 46 161 202 66
    181 35 17 64 98 110 106 216 0 152 197 110 172 164 47 64 140 130 1 40
    64 35 185 113 160 10 117 157 48 191 50 120 215 35 201 27 55 213 109
    48 120 212 193 2 204 166 119 196 160 240 199 35 39 181 44 155 253
    191 224 11 94 121 81 86 192 120 30 173 217 10 18 61 183 120 95 151
    15 90 219 118 221 76 216 148 28 198 198 147 182 3 238 184 22 154 147
    226 81 225 249 193 119 66 46 238 240 193 15 255 168 7 239 196 181
    251 57 1 210 111 14 168 136 38 93 23 165 44 143 149 135 135 66 90 68
    151 237 198 94 15 195 130 211 241 154 209 50 215 174 82 61 97 72 107
    31 143 195 109 70 36 237 10 243 201 59 0 120 168 2 124 75 178 124 29
    229 205 5 120 125 154 80 224 186 248 58 62 89 205 145 103 139 92 164
    25 42 157 102 19 136 179 219 1 110 47 242 253 115 16 24 59 91 12 198
    91 94 119 224 172 187 40 86 159 33 141 156 173 175 109 138 128 150
    195 205 53 158 137 193 174 242 229 44 155 230 214 142 67 68 185 185
    119 160 205 21 187 42 188 61 40 183 151 192 50 135 91 116 2 82 120
    251 49 207 141 117 120 64 226 135 107 101 153 9 74 244 205 71 177 74
    73 121 108 214 240 148 48 216 170 22 76 217 58 248 61 109 172 37 104
    88 42 210 97 176 40 26 254 77 173 80 99 215 174 225 25 34 169 32 217
    200 190 230 0 60 255 208 190 147 210 208 59 64 8 122 138 81 49 27
    184 186 140 16 5 168 65 161 109 183 210 64 82 166 53 76 16 87 73 147
    65 184 160 58 122 136 0 131 17 103 110 108 19 236 165 239 182 92 206
    56 197 177 10 215 57 205 162 87 223 215 216 103 60 108 26 254 192
    204 213 82 92 24 221 23 238 147 194 23 237 164 0 203 162 124 247 40
    196 118 83 153 226 91 137 57 127 185 228 14 66 50 18 165 58 113 225
    90 102 92 143 242 101 239 128 235 8 115 154 44 48 168 189 110 209 76
    171 152 108 187 252 4 27 65 10 106 142 53 37 115 66 211 251 163 200
    111 33 169 26 90 82 44 180 51 154 66 56 51 179 57 118 61 28 0 70 211
    75 231 164 124 233 4 175 29 15 66 184 69 160 131 8 199 97 25 197 88
    196 76 111 8 33 89 60 185 231 133 117 50 171 84 32 9 137 18 27 121
    137 34 225 254 17 105 64 236 194 168 244 194 43 42 76 19 24 10 117
    36 244 2 72 26 134 161 140 205 248 181 119 205 108 53 142 234 115 2
    24 222 244 73 59 129 87 120 10 35 100 251 33 205 186 85 126 192 113
    135 122 16 234 218 99 82 139 56 193 54 17 107 161 37 131 64 16 58
    153 195 144 10 144 9 81 212 133 34 69 233 146 47 146 217 235 101 71
    32 10 111 181 48 170 6 236 243 101 144 247 54 228 125 238 232 212
    237 14 228 234 229 144 46 178 210 56 93 54 157 165 160 46 33 150 32
    189 174 117 151 35 65 91 133 71 108 62 185 208 209 0 204 163 119 212
    136 241 131 113 236 176 248 99 254 111 209 152 91 191 53 56 87 29 73
    27 51 92 228 56 50 116 249 2 79 217 53 117 195 201 70 35 71 253 131
    152 189 229 151 206 158 255 136 13 164 248 126 12 145 99 123 21 183
    75 186 243 185 22 159 126 152 93 145 215 144 249 251 107 70 73 183
    65 126 34 241 58 55 157 100 32 58 153 66 194 66 61 184 115 117 132 2
    43 117 24 103 162 60 233 179 165 21 15 198 204 86 165 138 8 199 160
    81 0 184 76 106 121 72 251 217 60 249 197 37 61 192 59 151 162 95 76
    70 140 91 150 74 222 7 196 204 199 104 199 51 212 116 236 187 239
    140 131 87 223 49 60 139 8 187 183 56 92 156 8 22 184 221 196 208 66
    239 27 225 19 46 219 32 216 233 177 203 146 62 39 26 243 145 240 2
    11 211 33 231 130 182 104 138 154 205 225 238 198 141 134 192 11 38
    200 117 8 232 233 91 211 8 111 26 226 25 16 207 123 213 57 124 130
    31 78 66 136 83 54 42 210 37 132 238 199 72 199 39 212 126 237 138
    254 140 131 21 236 50 116 139 6 171 247 40 84 247 76 119 86 33 190
    192 96 249 238 243 112 106 26 181 255 236 228 92 238 172 229 165 238
    19 122 192 146 67 245 114 101 21 149 17 77 83 79 103 121 109 0 111 0
    94 115 8 181 48 154 82 106 49 176 57 125 53 200 0 6 123 43 227 162
    194 153 28 154 157 197 144 207 142 25 128 21 172 222 110 64 205 19
    235 17 86 15 90 247 9 16 30 127 152 12 141 222 1 75 151 255 116 174
    170 22 172 137 91 64 245 243 160 192 54 107 50 29 3 152 2 109 36 174
    46 128 136 210 161 169 153 165 19 67 83 15 102 105 125 32 111 8 94
    19 8 180 176 30 66 106 97 179 25 93 179 220 0 34 74 2 235 162 236
    192 140 31 205 74 71 168 146 182 133 30 67 97 11 219 89 196 104 106
    104 71 219 43 181 163 197 61 34 123 222 0 76 52 151 243 9 100 9 26
    166 147 139 240 221 183 73 238 69 85 253 146 27 197 219 2 201 199
    187 148 138 101 37 51 227 174 40 190 124 173 250 107 222 111 177 93
    226 232 30 17 217 175 95 7 182 107 207 191 116 30 59 184 84 76 219
    78 194 216 158 158 11 228 176 198 158 21 200 23 172 222 36 73 193 59
    171 129 6 75 154 245 17 48 154 11 24 20 189 26 76 171 144 240 237
    152 107 131 234 180 44 8 175 226 65 176 177 110 96 8 66 90 234 49
    221 181 7 45 2 160 95 32 246 164 160 186 251 97 145 77 11 119 153
    185 76 204 78 154 159 19 203 21 54 99 203 211 153 20 27 255 212 78
    183 215 2 11 34 152 207 160 184 74 158 6 192 131 160 202 53 200 216
    59 187 209 22 143 134 243 80 36 218 73 149 5 61 142 208 169 31 164 2
    136 45 97 172 0 194 192 181 130 32 65 34 39 106 202 113 141 131 95
    180 160 46 0 8 32 33 40 96 227 91 76 120 141 218 121 43 168 116 72
    30 151 100 48 158 189 86 104 81 59 192 88 23 156 33 110 83 138 194
    161 33 162 253 65 100 43 224 27 123 251 112 248 146 40 212 58 139 12
    102 25 147 126 199 82 12 30 117 228 205 136 82 169 77 37 152 161 181
    62 120 27 122 179 139 89 159 56 88 250 145 151 253 145 159 88 209
    130 143 247 159 85 136 224 155 0 35 204 37 95 253 213 229 175 223 91
    116 16 176 56 180 101 201 42 18 8 243 172 115 255 45 30 214 90 83 76
    208 236 113 89 117 78 42 6 87 177 97 142 182 96 115 53 133 118 102
    244 125 234 200 175 241 45 115 170 100 144 99 179 230 41 92 86 253
    230 34 14 79 56 33 174 143 228 223 103 137 82 54 212 125 238 200 5
    249 10 241 231 229 148 38 243 4 113 51 181 44 143 61 86 93 253 65 92
    212 0 243 119 154 55 72 74 93 110 255 194 125 141 227 219 214 147 18
    150 214 239 66 57 63 184 57 228 144 71 172 77 130 33 172 158 37 72
    196 51 251 17 22 11 178 209 209 49 26 27 128 4 37 91 102 97 238 92
    202 111 175 200 170 127 117 139 16 173 63 58 46 221 115 207 131 51
    190 113 85 40 251 172 213 115 135 240 100 160 84 26 79 219 144 232
    207 49 161 26 74 248 76 159 137 147 234 17 62 111 91 181 25 18 85
