<?xml version="1.0"?>
<opencv_storage>
<descriptor type_id="opencv-matrix">
  <rows>500</rows>
  <cols>32</cols>
  <dt>u</dt>
  <data>
    37 53 123 69 244 14 239 49 120 202 127 68 211 51 149 112 48 124 22
    110 225 176 49 78 101 172 38 4 72 242 194 160 184 4 216 243 246 58
    126 183 17 167 126 19 11 59 22 25 127 207 149 178 60 252 1 162 254
    239 214 197 167 217 216 139 45 225 229 75 236 79 77 157 70 121 157
    76 211 73 220 42 217 128 127 63 223 96 127 145 79 89 181 244 222 142
    208 97 220 49 217 97 160 10 123 17 41 169 119 120 223 19 128 82 54
    149 108 106 17 240 193 2 198 237 32 196 234 162 194 1 48 161 80 236
    54 137 90 8 11 33 32 138 59 91 44 80 62 153 21 236 10 48 68 221 138
    220 129 52 53 138 66 0 140 223 211 211 244 34 54 183 48 47 122 247 0
    49 128 195 213 86 133 50 241 252 9 166 110 199 244 198 138 216 212
    155 220 140 177 243 178 72 127 183 188 7 2 16 157 119 72 83 35 115
    93 40 48 13 57 107 253 134 127 12 162 240 133 99 66 187 45 153 108
    201 189 55 44 119 24 231 164 44 150 64 167 19 63 5 198 24 103 213 68
    22 250 173 20 200 149 217 201 249 19 120 57 205 113 214 239 25 226
    64 190 147 0 112 164 59 94 88 67 137 178 117 249 249 22 106 74 0 163
    59 170 243 120 99 210 141 63 255 59 53 44 157 15 7 78 16 39 27 195
    80 114 24 217 119 111 149 20 119 243 132 143 219 153 249 19 120 25
    205 115 242 255 72 228 64 190 147 32 240 160 57 94 72 99 173 18 127
    243 217 2 90 90 0 35 43 193 176 19 250 49 204 123 64 169 9 97 24 190
    211 40 112 180 59 92 8 19 13 146 119 145 252 18 74 72 3 131 35 94 36
    170 178 209 166 121 83 163 141 175 141 28 231 67 90 165 189 245 148
    24 211 154 64 219 245 139 237 130 227 38 114 60 1 42 202 149 196 75
    228 196 132 238 2 115 211 57 96 120 162 42 250 88 163 58 62 251 169
    134 73 179 27 116 42 73 185 238 87 13 158 113 16 227 213 119 7 123
    217 218 34 0 100 241 76 134 248 183 129 79 107 97 65 103 142 92 243
    179 169 235 175 22 70 203 73 64 65 205 130 17 13 18 32 120 204 19
    237 90 187 253 207 113 45 138 20 117 170 242 224 56 129 170 108 205
    229 199 238 194 164 236 10 19 249 116 32 217 234 35 129 88 43 146
    152 91 237 131 125 113 43 118 138 2 12 174 193 36 163 184 66 238 177
    154 131 140 185 117 0 175 49 91 141 128 185 0 216 0 24 203 135 149
    100 121 128 86 5 85 140 15 96 122 10 143 52 139 130 108 238 61 210
    114 151 59 161 18 1 143 209 145 56 138 21 53 67 37 6 103 169 184 162
    253 189 90 216 43 105 185 9 159 218 94 48 220 139 95 93 158 35 218
    240 155 221 131 254 154 15 75 7 66 244 109 161 226 64 189 191 12 83
    90 231 181 30 88 96 103 27 63 165 195 24 215 85 228 2 254 196 12 200
    149 249 124 115 90 42 122 137 82 216 39 45 189 237 15 203 74 16 190
    153 205 112 14 3 72 20 250 213 33 253 104 131 110 147 0 208 221 189
    2 2 41 190 20 35 90 226 181 23 136 64 119 31 63 153 67 156 85 7 204
    166 254 192 44 144 129 57 82 67 78 190 26 162 24 77 52 5 195 163 69
    143 32 72 118 245 173 193 24 207 7 77 208 226 250 195 53 131 165 11
    131 142 111 129 182 203 169 103 62 113 82 215 149 12 116 67 111 15
    59 29 242 252 5 196 108 40 190 196 101 136 209 208 131 216 250 83
    242 159 184 247 126 81 116 178 188 158 246 48 167 59 19 149 247 188
    52 247 110 31 62 194 93 128 131 157 42 53 114 66 85 243 190 100 89
    164 120 10 72 168 247 32 248 188 147 161 212 186 60 220 63 28 151
    227 199 30 126 142 16 37 11 161 148 171 239 119 20 162 74 82 147 1
    48 0 120 14 19 173 121 184 21 15 229 134 163 68 37 136 241 160 6 201
    234 136 92 197 186 227 142 200 88 135 240 236 119 0 252 41 51 213
    130 26 62 253 45 28 143 203 149 62 53 222 66 203 155 212 246 128 190
    215 62 9 90 194 60 135 96 64 118 123 23 216 18 152 128 241 60 164
    190 200 148 146 161 169 4 157 11 187 148 231 191 230 20 79 88 2 181
    223 48 64 217 59 19 211 82 152 120 63 237 134 174 192 20 75 181 195
    59 143 98 220 246 144 206 247 133 8 222 230 57 234 180 224 110 170
    23 205 218 171 38 253 50 45 170 136 63 140 248 205 65 253 25 235 176
    142 103 23 104 40 106 72 151 19 0 112 132 127 76 72 81 24 208 42 229
    188 38 16 72 18 131 41 70 235 114 102 114 136 122 176 235 160 42 205
    239 201 220 144 150 125 117 95 198 56 140 253 174 220 13 96 78 131
    75 9 39 174 96 11 205 61 238 246 72 107 244 223 131 40 223 173 73 10
    90 31 244 62 196 178 54 92 148 124 223 221 218 132 235 169 51 80 93
    221 224 71 251 65 32 24 58 152 86 180 136 170 82 12 247 46 242 211
    63 92 16 106 75 12 202 140 56 52 107 101 84 79 225 115 112 236 126
    76 19 49 0 48 120 140 2 40 168 178 245 14 101 175 33 32 99 168 70
    242 163 100 96 136 108 185 206 79 79 96 249 157 130 140 247 36 72
    138 66 31 199 46 238 147 22 24 129 124 86 159 210 196 17 143 99 222
    20 179 234 247 213 65 218 98 49 232 180 224 120 170 22 201 159 187
    36 255 50 110 170 192 53 138 112 140 144 82 111 237 54 194 107 120
    52 204 219 226 83 71 177 64 126 180 47 234 200 181 33 14 209 167 162
    128 53 170 116 113 173 180 83 72 237 205 231 255 233 82 124 92 190
    249 101 182 233 26 66 58 99 50 218 210 61 156 4 46 219 122 74 186
    233 176 249 65 124 47 97 27 123 61 36 24 158 21 76 59 149 28 118 56
    179 124 241 80 79 153 49 100 194 128 198 225 111 126 235 12 122 123
    155 24 217 232 92 237 255 252 151 62 22 125 85 111 165 226 246 42 66
    61 41 184 111 247 19 245 206 167 76 168 170 0 61 158 174 30 158 165
    141 231 227 82 103 211 239 151 82 9 175 240 252 129 239 157 20 244
    37 89 105 83 86 30 106 155 22 49 205 78 119 236 227 194 166 213 86
    32 174 102 205 167 102 29 162 250 97 154 122 170 8 85 64 56 190 246
    40 236 113 22 171 159 50 12 190 255 64 26 165 115 125 16 22 105 146
    96 203 255 112 74 200 64 71 27 157 18 213 101 226 46 108 31 125 171
    114 246 223 51 128 255 54 12 54 60 177 180 21 74 132 235 102 196 239
    240 195 177 54 6 236 168 172 91 205 239 84 103 144 187 131 44 150 8
    217 133 71 165 188 47 101 128 152 83 222 253 213 252 214 204 94 148
    83 241 178 200 111 177 165 18 66 176 173 119 201 246 39 179 223 162
    115 20 168 234 253 230 46 134 166 241 165 49 114 159 97 76 27 7 150
    232 23 136 169 235 114 124 4 144 93 213 221 227 248 3 77 31 123 46
    165 158 113 39 114 19 188 124 120 122 210 231 87 220 17 22 228 56 23
    31 33 25 91 153 7 242 106 22 120 61 243 201 32 109 113 209 102 162 1
    92 21 225 180 239 106 23 6 169 26 64 183 23 161 224 69 50 30 24 43
    156 97 62 173 222 182 144 152 216 144 57 197 151 93 111 184 14 111
    57 116 89 255 116 247 115 136 113 118 146 126 234 251 168 127 31 236
    170 101 196 56 138 224 49 100 187 9 9 252 15 71 41 74 252 160 109
    130 0 70 16 200 132 78 99 27 34 201 29 164 148 33 62 88 41 198 87
    234 187 16 58 233 153 20 174 155 61 52 57 174 179 66 148 131 83 204
    80 54 76 194 183 174 213 20 255 82 4 143 11 87 172 168 129 154 77
    139 138 42 253 132 136 156 102 219 62 35 197 121 255 18 65 255 81
    189 6 239 253 132 113 135 100 220 85 221 228 139 70 70 186 1 178 134
    106 87 55 193 255 55 212 253 234 105 67 219 8 187 227 229 148 170
    241 40 49 154 25 127 248 47 212 89 86 173 93 214 119 40 159 182 127
    230 187 189 145 143 141 178 225 211 121 186 203 23 132 116 127 94 52
    170 162 209 38 121 81 163 239 175 157 89 239 74 90 181 189 253 148
    24 211 154 64 219 197 139 237 171 231 174 82 185 6 68 119 16 59 67
    50 116 163 102 144 243 97 128 145 57 238 4 40 56 248 109 47 232 231
    113 64 235 160 74 8 233 106 221 101 100 14 109 48 97 170 246 104 211
    1 145 59 14 228 108 110 233 244 193 8 198 251 97 128 106 177 66 33
    43 80 114 232 111 23 216 87 77 104 244 175 29 29 182 36 142 25 151
    141 133 191 53 220 67 217 186 146 95 140 113 255 73 78 193 69 48 56
    107 158 119 133 174 200 179 129 209 244 50 196 108 92 137 37 229 11
    226 237 35 16 226 177 66 32 186 187 232 216 47 209 216 71 207 85 148
    183 42 140 118 175 238 171 151 149 206 107 182 209 19 89 218 187 55
    12 124 223 95 225 129 160 147 92 44 207 43 121 8 217 141 174 90 190
