<?xml version="1.0"?>
<opencv_storage>
<descriptor type_id="opencv-matrix">
  <rows>500</rows>
  <cols>32</cols>
  <dt>u</dt>
  <data>
    53 65 97 69 60 27 203 152 68 232 250 206 83 64 157 164 88 196 86 254
    137 178 109 8 52 136 161 148 125 187 112 164 92 13 218 229 148 102
    127 115 32 134 255 3 87 59 97 90 121 245 61 186 88 243 145 136 251
    239 231 65 165 251 236 2 187 51 106 237 46 26 121 80 173 100 246 167
    57 143 183 86 110 141 127 236 200 149 181 200 214 249 170 177 39 135
    127 211 62 65 66 172 79 83 163 72 132 164 221 171 75 200 59 132 120
    168 131 227 72 179 4 140 48 65 137 45 119 63 126 242 156 151 123 105
    114 23 123 121 52 105 119 246 93 95 168 113 62 153 151 170 241 180
    61 223 118 239 34 196 127 130 167 241 88 243 27 178 178 200 127 149
    171 117 15 169 223 215 74 82 167 31 253 80 82 88 171 49 255 245 62
    235 34 134 135 123 34 172 2 168 253 205 184 199 143 185 184 75 172
    158 116 0 201 59 23 145 87 59 66 213 29 20 159 255 220 8 121 158 83
    26 123 77 118 86 179 123 91 232 126 110 120 247 164 100 54 252 54
    168 193 186 241 222 118 174 35 130 79 160 107 187 130 92 130 154 139
    176 188 198 188 83 128 215 172 142 103 203 231 99 251 149 38 79 18
    227 150 119 222 139 152 84 169 222 11 222 226 155 117 181 186 206 31
    15 92 55 172 218 55 68 255 43 147 149 134 158 122 251 6 94 154 163
    159 95 121 207 125 125 123 99 182 111 127 240 233 236 63 42 95 125
    197 48 182 124 93 122 193 177 184 174 255 205 37 244 230 251 71 115
    98 144 148 154 205 117 144 11 139 59 185 27 142 254 108 206 201 147
    179 1 30 43 219 209 139 52 218 127 146 78 220 134 43 221 96 203 117
    241 186 206 31 73 92 34 168 220 183 228 217 59 147 209 134 186 100
    255 46 92 138 203 151 95 124 223 122 18 254 237 62 31 216 120 27 236
    118 175 95 255 150 114 182 221 245 37 140 209 179 220 219 251 233
    183 47 172 93 87 50 176 255 229 46 71 217 120 31 248 118 234 87 223
    244 32 182 157 117 108 137 241 163 93 91 171 249 180 101 168 85 251
    112 148 189 229 52 70 153 59 18 235 210 114 149 63 0 99 157 21 125
    161 169 222 241 14 205 175 251 208 5 40 39 251 153 211 111 236 118 2
    111 117 69 72 223 230 89 15 184 97 126 132 63 239 249 179 37 204 242
    233 170 196 63 138 240 113 116 133 108 174 220 19 79 233 70 164 237
    139 83 104 63 81 88 198 10 238 110 35 109 29 122 137 133 125 53 186
    220 64 127 241 231 255 125 223 122 184 207 248 119 138 123 223 253
    246 182 253 245 110 199 208 191 157 207 251 233 229 39 174 80 247
    138 6 38 29 170 51 148 39 221 206 223 181 236 44 166 79 207 39 238 7
    244 173 103 202 132 22 122 155 94 228 173 221 34 90 102 30 75 217
    188 100 141 84 240 175 40 204 55 199 174 185 195 199 198 39 54 249
    55 16 72 171 87 62 45 222 155 134 214 217 191 155 92 191 93 15 246
    242 106 98 174 245 119 178 142 56 244 253 45 223 62 255 20 211 183
    140 232 13 42 80 119 236 99 84 124 124 41 78 116 175 40 159 63 221
    46 153 183 164 197 150 178 193 87 123 210 139 63 148 47 223 3 18 201
    149 50 158 41 16 60 105 87 246 189 6 146 100 118 45 62 140 133 156
    53 79 196 46 186 192 44 132 41 253 126 201 231 247 245 93 126 184 95
    248 247 10 107 127 125 247 243 246 183 250 201 242 107 237 191 222
    197 211 167 191 84 103 87 156 254 182 166 13 254 248 59 146 179 207
    127 123 127 11 191 227 127 167 236 99 26 253 186 223 207 190 173 250
    121 31 52 142 251 246 246 75 127 249 58 158 176 106 247 127 233 25
    127 251 31 186 120 99 10 111 248 142 239 252 165 248 103 225 149 21
    189 237 188 71 79 251 20 170 184 64 215 119 225 99 215 93 29 42 233
    228 113 10 233 141 103 164 48 248 33 169 36 47 249 69 240 111 111 83
    51 173 124 8 19 39 193 30 24 126 69 120 26 242 224 8 111 156 37 48
    194 249 198 240 159 93 101 69 154 30 238 188 117 226 186 198 251 118
    149 167 62 229 124 238 233 240 125 142 166 234 239 148 111 246 66 60
    124 88 249 228 168 72 87 154 34 246 134 40 215 55 65 122 215 213 125
    242 72 70 251 50 219 231 245 61 176 177 4 115 60 185 246 253 93 255
    121 73 167 213 238 3 121 255 94 234 249 246 251 136 30 240 123 181
    95 239 195 1 163 173 116 242 124 153 246 246 205 94 252 249 95 247
    230 11 107 124 95 186 253 215 251 240 220 243 123 168 127 223 197 7
    199 126 252 82 19 159 74 174 54 131 170 246 134 72 216 231 113 234
    178 64 126 235 23 207 223 139 12 255 120 44 170 192 61 142 56 217
    188 5 245 223 141 118 207 184 85 2 255 18 219 109 188 239 88 86 190
    234 249 228 121 171 33 251 194 16 119 255 244 36 227 127 241 148 219
    213 31 247 19 236 20 110 56 62 199 191 239 255 151 213 229 90 242
    234 63 10 253 170 167 244 150 255 159 177 99 234 61 215 250 120 237
    104 253 194 217 158 190 228 254 181 223 239 205 167 60 220 151 249
    170 212 119 135 121 245 223 206 230 159 175 243 140 239 159 243 147
    247 104 236 255 239 251 231 187 151 255 207 207 251 58 114 223 159
    159 125 189 92 46 179 240 74 253 157 178 223 91 133 124 236 136 232
    252 180 31 218 130 93 146 58 222 242 63 28 21 110 223 142 198 181
    137 29 55 249 61 239 81 19 157 217 82 85 182 55 33 75 196 50 63 29
    177 169 17 156 193 251 42 80 152 72 17 115 61 85 105 71 244 22 239
    184 84 232 95 230 81 124 159 100 126 204 22 239 233 176 125 142 102
    111 165 132 127 251 112 253 22 251 106 179 22 145 186 224 22 36 80
    167 161 206 243 0 126 249 163 215 198 184 63 253 172 69 175 161 53
    59 45 252 58 13 103 254 85 226 234 114 213 0 222 2 49 237 49 196 120
    170 151 203 186 171 12 191 115 239 138 129 55 235 116 170 147 157 99
    141 182 210 110 55 52 75 90 247 241 46 178 228 118 38 29 173 253 152
    37 207 36 46 186 128 46 196 176 93 6 132 2 139 213 193 186 200 30 1
    89 19 204 202 56 64 217 27 147 211 18 176 26 247 45 20 139 103 148
    15 181 130 194 192 178 222 77 196 189 101 157 4 199 19 236 223 60
    103 232 181 187 129 96 255 178 195 183 48 206 11 2 44 181 110 24 153
    122 250 83 244 48 119 167 29 124 17 60 159 34 80 238 27 151 128 18
    11 18 213 211 237 50 75 115 0 175 155 31 30 234 191 118 243 250 82
    31 204 222 231 125 255 179 224 255 251 151 151 167 155 46 255 246
    255 170 131 191 239 61 211 41 145 122 233 116 140 121 51 45 73 116
    108 191 31 160 48 134 187 21 8 219 184 32 157 199 249 48 192 122 128
    195 187 17 79 82 92 195 150 247 246 125 134 126 70 44 163 165 228 54
    226 34 204 224 188 1 239 52 190 86 2 107 209 97 45 20 50 253 101 66
    75 103 120 124 230 119 167 211 39 143 25 122 204 110 106 128 240 237
    12 87 171 97 4 97 227 102 243 124 197 108 10 220 83 198 232 70 116
    169 139 99 104 63 17 88 194 106 254 126 35 95 61 123 13 133 125 117
    59 220 66 53 216 119 104 105 215 251 218 237 88 120 68 31 222 165
    180 254 145 22 120 135 163 50 213 19 220 33 206 251 147 98 181 53
    173 72 233 156 59 206 251 71 160 220 138 83 105 146 164 88 202 22
    127 30 178 109 29 250 205 133 52 247 251 216 132 106 189 233 220 205
    245 253 239 123 87 108 27 40 188 86 113 233 187 179 129 118 106 242
    247 127 95 214 107 147 68 246 254 34 189 239 253 197 245 191 247 190
    210 124 7 184 253 117 32 173 251 147 129 243 248 50 251 111 29 223
    170 221 120 183 250 58 157 47 189 52 194 249 119 24 236 222 175 61
    61 18 64 238 231 85 133 253 155 113 255 248 231 186 145 13 12 55 219
    94 253 189 250 189 205 87 248 191 220 188 9 254 255 105 18 255 243
    255 83 107 99 186 253 251 215 79 255 16 23 39 115 1 223 57 41 180
    159 182 55 126 73 122 68 191 40 182 160 148 43 6 29 215 184 85 62
    173 221 54 66 216 90 137 157 25 41 46 165 29 95 162 112 118 228 198
    14 199 128 19 228 120 172 250 237 205 179 245 156 247 231 139 17 107
    46 59 236 90 255 47 236 56 71 95 255 37 238 220 239 253 119 33 80
    127 255 61 238 201 27 57 254 249 215 239 164 58 242 37 123 253 245
    113 78 223 70 71 253 81 234 252 110 83 113 157 119 120 206 20 238
    233 243 253 174 59 232 165 180 123 251 242 165 157 217 63 253 142
    134 95 188 150 90 214 70 221 255 41 98 246 247 63 255 233 128 123
