<?xml version="1.0"?>
<opencv_storage>
<descriptor type_id="opencv-matrix">
  <rows>499</rows>
  <cols>32</cols>
  <dt>u</dt>
  <data>
    145 172 111 54 160 155 230 230 48 230 63 153 115 108 146 16 47 230
    85 15 228 248 173 47 114 167 117 161 101 210 194 64 32 162 224 17 85
    251 224 2 118 101 98 155 195 8 150 140 121 140 98 29 62 252 101 31 6
    38 144 65 229 140 94 196 182 180 164 0 223 87 150 235 22 238 153 187
    66 124 70 132 221 223 211 177 254 111 121 158 59 6 141 255 243 110
    30 222 116 107 251 98 250 233 83 216 163 172 173 40 115 215 73 26 54
    252 236 82 10 99 234 32 217 165 37 61 226 243 70 99 147 171 107 37
    118 138 233 119 44 64 82 195 61 12 180 32 46 41 23 141 193 184 37
    221 100 40 186 128 101 132 115 232 226 184 239 80 200 236 184 83 170
    83 176 253 176 221 84 59 175 179 223 129 179 111 146 113 29 18 222
    250 205 64 199 243 58 185 98 76 125 212 218 100 105 76 252 11 40 156
    54 180 254 187 215 193 206 43 176 223 51 125 138 171 87 6 126 223
    219 182 237 119 232 124 249 222 115 223 180 252 59 93 222 191 63 223
    245 157 187 238 231 99 94 95 53 234 239 196 198 253 54 189 160 4 219
    119 150 207 19 254 156 47 64 252 71 134 221 223 211 179 252 103 251
    154 59 6 141 191 243 126 30 223 206 126 115 122 114 188 127 214 185
    78 124 237 109 222 151 48 183 255 213 199 166 215 174 127 118 126 33
    138 79 215 103 223 236 253 252 119 180 111 127 188 123 238 126 24
    255 119 139 49 151 222 125 106 248 240 249 46 239 255 101 20 194 243
    198 115 220 235 159 126 170 192 23 189 163 158 134 185 119 231 72 83
    39 247 237 194 90 79 170 51 249 227 117 249 32 179 166 107 92 142
    143 254 186 224 29 159 166 31 138 177 245 231 104 91 103 119 237 144
    58 73 171 35 249 231 254 221 160 209 165 123 10 187 34 157 83 209
    184 101 46 76 88 167 44 142 54 4 254 59 147 197 198 154 38 253 37 20
    154 139 23 6 39 255 212 176 237 17 128 122 65 143 127 247 34 157 195
    108 95 91 49 198 104 20 191 124 255 64 207 58 85 69 229 245 214 86
    105 255 114 65 177 159 54 228 121 9 106 237 106 64 132 180 182 204
    196 70 212 248 141 127 54 254 0 70 75 22 202 133 10 171 98 156 114
    129 184 103 46 4 88 163 44 142 178 0 238 57 151 197 194 152 6 253 36
    4 186 139 23 132 47 219 2 249 34 10 83 149 186 101 175 1 120 131 172
    158 54 132 238 59 147 197 198 58 18 245 63 20 138 235 87 6 43 142
    221 55 82 67 242 190 6 16 32 72 237 253 91 70 142 180 54 190 204 46
    63 210 220 46 178 237 32 32 106 211 138 149 33 56 49 7 104 237 35 16
    107 232 43 205 226 4 132 52 132 52 64 78 129 240 252 53 5 20 1 50 72
    143 70 245 120 145 189 229 12 79 85 57 134 190 166 24 215 53 64 75
    217 85 125 41 56 105 243 8 201 195 117 20 144 104 148 98 211 43 106
    241 54 152 249 19 125 76 214 230 185 14 151 101 102 189 127 221 188
    216 229 204 214 121 170 192 39 132 49 101 171 92 123 219 116 166 251
    222 31 75 214 118 249 221 183 72 221 186 31 153 163 188 113 255 103
    255 186 128 159 153 112 251 151 88 235 251 180 182 249 214 63 202
    214 246 185 222 181 105 127 187 63 221 175 214 55 238 219 127 190
    192 181 149 49 253 205 30 239 255 36 168 111 16 244 74 215 230 243
    105 177 107 110 226 63 143 169 180 109 235 198 235 226 128 61 251
    112 113 141 222 125 255 36 169 239 176 221 90 119 230 255 233 185 97
    127 227 22 79 227 52 46 255 230 219 98 128 125 251 113 185 181 99
    234 37 100 10 239 92 112 238 240 237 243 72 215 8 90 236 85 111 204
    246 196 10 100 41 239 168 109 251 82 201 138 120 233 223 101 213 252
    221 95 206 84 23 184 221 119 104 220 59 147 195 230 182 118 227 103
    95 158 131 23 92 253 255 207 22 239 254 36 178 239 24 220 74 87 246
    253 239 187 107 118 97 63 239 161 5 46 219 194 123 235 136 156 251
    113 113 9 56 145 97 49 143 99 19 62 9 106 68 191 23 0 164 20 46 17
    28 131 152 81 59 197 255 18 0 74 130 3 185 97 143 108 68 252 31 206
    168 233 168 190 136 83 104 150 115 12 198 108 238 252 58 237 29 62
    58 37 84 77 170 74 4 171 125 170 159 229 84 189 103 89 206 84 151
    168 252 255 47 253 107 179 135 229 246 246 227 39 123 222 171 15 116
    255 223 121 162 192 85 180 26 70 31 115 175 246 16 195 97 210 252 81
    238 108 28 60 220 237 10 174 255 245 181 162 248 218 4 64 160 133
    209 44 11 64 138 238 51 130 40 211 193 208 90 73 196 104 9 10 97 195
    17 140 178 113 20 196 8 80 32 252 180 236 23 139 123 21 190 87 246
    167 189 67 101 75 63 19 198 232 34 108 86 255 24 239 195 85 55 243
    252 140 86 171 95 127 76 172 19 159 255 223 74 84 238 185 252 183 33
    158 113 55 111 229 39 38 223 34 123 111 184 95 252 209 253 196 34 85
    113 172 137 224 9 238 176 163 184 199 195 64 91 131 52 104 16 34 97
    207 0 140 176 71 17 196 8 69 2 136 22 37 173 52 167 171 58 20 206 90
    246 213 103 176 65 87 40 31 172 185 132 101 31 236 166 171 196 60
    168 53 113 184 98 237 125 22 90 74 60 115 225 246 240 115 109 148
    117 56 252 117 172 169 254 109 31 107 239 181 148 103 164 118 120
    212 34 212 55 130 11 160 128 62 176 98 153 231 97 9 91 35 86 104 16
    32 240 207 32 140 162 71 17 229 96 71 128 156 180 204 23 147 123 39
    184 50 246 134 159 79 39 3 159 49 198 232 162 61 212 253 46 254 227
    117 53 171 245 142 208 119 180 236 228 222 35 207 251 65 226 188 110
    113 121 215 35 63 231 95 171 237 99 253 142 122 79 237 188 109 250
    82 145 115 28 238 100 22 58 219 58 83 226 190 186 115 61 150 48 63
    212 125 47 173 239 253 158 250 111 229 148 239 237 90 85 143 124 190
    86 162 48 63 184 178 210 70 177 253 247 251 107 23 123 185 190 228
    197 174 234 107 127 111 137 134 245 41 113 170 178 166 28 105 247
    152 91 159 127 215 253 68 220 238 172 221 29 255 21 151 239 227 145
    18 50 89 219 222 12 190 215 91 32 3 164 19 158 106 64 185 224 194
    205 79 134 8 212 182 237 236 228 77 211 144 206 176 244 11 2 42 135
    43 20 80 170 212 103 11 9 32 192 46 52 170 139 199 35 76 82 35 214
    106 128 4 105 143 97 149 164 86 17 97 66 39 10 86 50 150 156 169 161
    20 73 175 159 129 253 102 227 40 91 213 113 237 32 62 67 138 81 144
    50 73 187 152 102 167 19 95 185 138 54 147 150 58 132 179 244 170
    141 79 234 67 146 165 229 236 213 140 195 156 74 186 197 141 127 169
    54 43 86 71 254 149 187 171 173 58 172 191 115 1 221 236 111 72 202
    167 67 249 87 23 76 219 247 142 114 95 254 156 87 137 93 124 246 92
    37 59 27 18 248 43 180 32 173 79 73 66 147 151 213 196 98 100 96 205
    29 254 195 37 63 123 174 14 19 126 242 28 186 42 137 22 168 143 182
    128 173 239 207 75 19 151 83 237 99 110 70 202 49 232 211 77 191 48
    127 15 83 174 190 60 186 249 253 144 234 139 125 188 61 174 252 110
    155 141 19 207 17 54 107 90 247 91 81 25 127 210 77 142 215 133 239
    126 51 178 187 118 244 116 78 110 157 67 98 142 48 55 99 100 206 180
    188 45 119 38 235 116 0 233 211 235 213 201 160 148 244 40 188 41 7
    170 187 151 56 157 162 192 191 135 87 124 28 51 77 203 193 140 249
    127 248 136 128 139 33 80 168 172 245 12 236 81 6 164 181 134 25 183
    61 18 74 128 246 125 1 10 237 243 1 193 227 218 17 0 8 85 106 152 22
    43 13 17 95 103 112 52 110 206 151 67 230 34 101 120 236 138 174 237
    149 53 14 247 231 130 1 99 100 124 215 174 48 34 250 109 247 152 88
    159 74 213 31 204 222 62 172 220 185 151 179 143 55 122 214 147 95
    139 191 23 15 61 247 244 213 219 197 214 66 103 232 66 176 222 162
    83 243 233 98 123 220 62 250 89 211 173 2 248 164 167 68 165 250 244
    161 53 93 123 201 86 7 235 220 68 192 124 198 113 95 177 96 126 200
    23 254 129 179 61 254 116 140 167 128 253 187 112 249 82 217 63 191
    136 198 61 229 174 94 135 1 231 247 8 83 165 119 237 130 88 201 187
    117 249 247 95 211 0 2 167 123 145 148 157 177 148 75 69 191 94 243
    18 118 247 48 128 105 123 202 46 17 123 252 125 30 140 134 255 20
    188 88 145 56 161 30 105 85 112 155 235 54 125 106 118 228 241 12
    150 36 30 40 22 172 229 188 101 79 38 62 48 128 77 136 72 253 129 92
    187 248 180 239 115 214 254 75 254 16 182 215 33 96 201 122 62 88
