<?xml version="1.0"?>
<opencv_storage>
<descriptor type_id="opencv-matrix">
  <rows>495</rows>
  <cols>32</cols>
  <dt>u</dt>
  <data>
    219 80 47 168 9 85 25 80 173 92 135 5 159 30 35 107 228 177 221 165
    141 3 54 144 211 249 202 187 26 4 45 87 70 19 226 128 223 16 184 69
    171 197 91 167 76 238 254 206 246 189 179 149 148 147 134 192 62 52
    142 207 141 38 189 213 110 216 212 152 237 93 124 239 31 115 210 26
    204 186 118 201 239 205 255 131 84 94 219 241 151 122 223 223 30 124
    249 87 12 214 220 127 226 42 55 186 60 22 111 240 253 115 169 93 55
    83 130 34 96 180 9 111 70 167 116 4 178 243 167 161 220 193 21 239 9
    6 74 152 163 0 139 80 223 23 8 246 192 212 121 250 75 133 219 55 137
    252 136 84 42 131 176 48 132 219 24 235 172 143 71 156 70 56 159 100
    147 1 193 68 65 70 110 90 74 160 75 50 236 132 165 52 24 219 216 11
    60 20 121 240 183 107 151 214 89 99 180 58 159 61 161 105 223 215
    149 33 57 242 81 174 210 223 122 247 191 121 85 51 15 204 181 255
    173 179 190 238 159 19 91 210 236 253 60 229 219 123 179 163 119 240
    75 255 175 126 223 198 150 255 177 164 143 223 244 215 161 52 191
    191 27 255 29 180 236 127 223 175 151 91 183 31 247 124 107 243 47
    95 127 230 150 253 141 253 42 158 67 89 195 245 173 255 63 87 108
    150 104 231 164 180 127 187 130 128 51 156 54 215 39 22 209 70 147
    196 166 252 148 42 136 248 152 96 91 218 22 21 236 144 133 231 99 88
    77 216 207 152 26 3 227 2 217 165 171 125 176 241 36 98 206 255 114
    242 229 52 254 212 57 202 157 179 205 255 253 161 191 251 151 247
    240 103 172 226 251 223 174 170 135 247 167 217 18 141 63 182 27 239
    157 39 143 247 139 139 238 110 36 9 143 51 251 5 48 73 90 253 201
    210 91 83 144 72 5 122 181 13 111 254 188 226 207 249 212 74 215 114
    113 233 185 105 123 226 63 235 249 167 47 191 248 171 235 200 61 235
    240 177 108 12 152 188 108 172 88 130 155 58 112 104 183 186 97 91
    207 125 55 67 4 122 194 177 133 243 122 185 148 105 22 139 77 219
    249 71 102 84 251 184 75 124 63 230 121 125 222 102 55 92 181 206
    199 112 191 241 79 121 229 132 111 191 84 125 98 123 232 164 207 81
    157 71 139 228 140 143 44 140 71 10 206 191 243 149 68 75 246 192
    119 81 223 59 5 124 151 222 14 141 52 219 189 203 185 225 159 61 215
    18 204 238 60 71 235 23 255 17 50 249 105 245 189 51 207 215 150 12
    149 227 119 148 117 238 44 36 203 184 75 90 185 68 126 127 156 115
    215 213 53 238 169 98 251 255 147 250 225 156 30 227 66 49 110 112
    112 233 125 217 250 88 79 236 252 43 11 140 246 244 254 153 223 243
    206 54 237 208 22 221 129 255 119 142 92 199 204 120 143 241 169 232
    117 153 174 26 34 97 150 215 65 90 225 24 125 18 66 84 138 64 197
    241 239 173 144 112 6 51 158 255 242 242 231 49 190 247 57 234 29
    186 77 127 255 173 55 219 149 243 244 84 44 226 250 95 255 167 167
    247 159 223 146 87 23 171 170 9 180 215 172 26 218 227 191 157 33
    203 166 51 255 99 112 129 3 96 224 224 110 130 108 120 161 27 194
    146 211 88 127 209 184 11 223 3 80 242 168 190 228 236 103 59 162
    144 183 60 38 211 14 126 18 207 215 140 13 173 207 222 182 254 191
    244 158 190 159 223 31 181 252 254 239 235 215 115 189 23 247 77 43
    235 106 255 127 207 142 117 173 95 163 237 230 149 92 131 174 239 82
    161 240 155 96 200 124 1 121 238 51 117 234 250 203 191 60 42 143
    108 85 56 242 136 115 4 68 140 13 49 74 138 5 3 152 10 226 106 61 76
    201 195 63 179 14 39 79 243 148 190 218 26 181 93 48 12 163 95 60
    238 236 172 222 215 137 26 121 120 172 159 188 35 202 99 23 79 194
    39 74 243 166 249 170 186 22 95 218 131 94 63 10 140 219 230 187 200
    188 204 212 167 236 198 35 208 252 223 223 245 59 67 187 206 217 37
    171 235 140 71 47 243 102 158 197 13 202 38 47 186 59 114 234 215 80
    39 52 82 103 213 121 238 177 9 159 119 20 46 201 212 61 225 226 112
    130 132 2 137 53 131 170 96 28 5 80 19 172 11 48 192 248 41 147 129
    98 156 0 223 165 48 138 195 21 12 61 202 168 76 46 245 37 182 69 39
    213 174 246 18 162 57 54 73 201 166 47 136 104 190 96 158 199 251
    210 1 18 120 124 10 2 134 42 137 118 131 186 97 12 4 80 2 164 136 50
    64 122 41 19 225 226 184 0 221 36 32 138 67 21 10 49 137 158 125 114
    162 203 208 191 230 141 134 188 163 44 254 103 199 239 243 159 195
    68 1 168 226 127 81 143 171 39 127 45 223 154 17 106 232 55 215 250
    120 141 68 215 131 109 223 63 32 126 177 223 231 220 163 53 221 243
    221 170 153 55 143 121 211 34 60 62 186 63 239 153 70 143 87 185 157
    238 236 62 10 143 51 219 5 22 233 114 253 195 215 88 83 213 95 133
    94 143 236 12 185 29 175 218 234 158 112 12 29 157 205 82 1 141 41
    211 63 102 68 90 151 237 201 141 125 24 77 27 146 86 12 20 161 157
    43 90 138 15 178 139 3 198 8 65 75 201 149 127 51 24 1 73 156 153
    210 203 119 180 107 21 2 218 89 118 166 15 199 255 113 173 236 147 3
    109 159 54 64 238 181 255 227 200 135 57 221 243 233 171 179 55 174
    37 91 11 120 230 87 77 219 182 99 222 230 223 14 232 136 247 164 235
    44 250 7 197 188 127 242 54 31 87 19 79 30 93 220 15 31 69 161 114
    59 122 51 5 232 27 231 29 46 147 165 38 133 159 189 181 152 37 206
    62 77 43 196 175 206 9 213 10 89 50 204 135 157 183 246 204 196 94
    135 172 133 183 196 38 106 155 77 192 185 54 232 119 124 14 10 94 62
    53 255 158 155 182 73 141 247 144 207 207 29 254 7 10 232 55 78 233
    131 234 145 158 169 51 211 43 93 6 71 219 76 237 222 50 177 62 143
    125 211 250 236 15 13 221 35 236 220 62 64 248 219 159 225 14 243
    235 237 191 49 139 203 21 14 60 215 43 233 231 209 229 151 232 119
    143 185 122 195 40 159 180 132 204 58 147 220 194 216 2 220 47 88
    212 194 67 140 208 172 111 42 160 160 253 180 74 18 7 205 220 199
    139 173 83 142 205 169 189 157 143 66 247 130 223 93 171 201 174 237
    56 80 83 200 75 140 14 128 236 226 132 66 218 199 113 234 49 72 106
    165 59 135 76 135 22 195 16 46 250 140 61 248 48 8 231 254 112 24
    235 249 20 223 27 119 84 184 14 222 231 253 151 27 182 17 246 86 174
    211 26 114 21 255 150 148 143 109 42 43 210 180 245 233 69 71 91 173
    88 10 46 161 112 157 201 170 134 25 10 218 64 200 188 86 148 163 182
    204 220 173 11 219 235 146 246 208 187 214 206 89 86 231 60 188 246
    98 231 99 183 85 215 185 46 225 122 109 190 194 143 30 245 223 3 31
    243 253 230 170 189 119 205 65 90 242 189 184 180 104 238 59 151 1
    144 184 36 232 100 108 254 130 181 220 177 161 16 14 75 233 86 171
    232 115 76 34 90 226 49 137 177 97 106 170 6 137 225 184 4 223 20
    141 178 128 61 200 113 169 13 121 249 229 180 14 239 149 98 248 94
    70 153 185 209 34 62 110 53 216 193 240 185 200 103 201 167 164 239
    242 209 169 78 213 121 172 202 68 191 253 128 80 217 163 93 255 56
    99 126 209 51 231 208 3 186 93 113 161 239 236 21 34 167 243 160 196
    120 162 116 169 120 119 201 48 189 30 143 8 18 1 170 131 87 43 224
    54 80 215 180 217 8 112 84 139 219 129 85 209 144 202 53 54 74 156
    99 9 254 70 74 83 173 244 121 194 20 248 15 131 25 253 186 254 130
    70 186 147 104 12 22 91 91 250 210 137 190 212 140 65 83 247 61 207
    168 40 46 59 151 195 211 181 44 229 112 129 58 128 125 155 165 249
    151 237 167 177 150 199 237 198 51 245 154 147 156 30 81 43 47 221
    85 209 59 216 181 196 233 16 143 228 165 241 183 114 56 133 71 46 93
    118 199 238 196 4 232 10 99 97 41 215 88 194 130 234 104 171 125 63
    49 231 64 25 115 126 116 168 63 104 104 136 250 177 139 216 22 88
    212 167 25 206 255 40 127 137 23 253 143 3 46 215 122 77 171 236 189
    151 59 212 172 61 213 229 252 111 230 214 132 170 112 82 157 57 113
    131 200 127 23 115 49 120 80 170 109 201 229 36 237 121 80 179 39
    122 224 73 220 181 202 218 71 225 188 78 19 136 245 104 89 136 23
    221 139 58 117 144 78 76 165 252 255 157 80 148 254 159 171 184 221
    192 90 151 135 77 222 35 110 221 122 80 241 247 189 209 94 31 162
    163 251 245 142 203 38 14 244 83 94 205 0 170 209 98 79 232 53 76
