<?xml version="1.0"?>
<opencv_storage>
<descriptor type_id="opencv-matrix">
  <rows>500</rows>
  <cols>32</cols>
  <dt>u</dt>
  <data>
    11 173 228 95 249 154 30 182 158 113 92 129 249 125 147 35 7 118 241
    95 230 88 74 191 111 127 117 193 214 246 0 105 109 120 243 70 105 94
    119 156 105 234 166 72 219 241 193 190 50 116 124 106 193 247 185 42
    119 255 101 20 202 179 67 49 213 4 41 190 18 224 13 35 60 66 77 144
    253 70 147 121 22 169 24 175 37 4 124 95 128 39 202 8 52 113 35 96
    201 241 23 71 33 30 101 61 107 57 39 92 254 17 200 247 180 20 108 88
    211 252 187 5 175 249 116 84 74 130 195 45 71 253 237 23 202 92 173
    135 170 243 14 140 252 38 215 46 7 71 122 221 211 72 255 96 45 30 95
    124 140 244 129 124 236 99 49 33 44 9 193 8 106 188 176 137 135 8
    217 147 8 68 76 127 202 100 205 16 236 208 37 116 64 142 87 224 118
    117 229 4 206 75 215 236 64 230 170 143 82 108 93 18 57 212 105 99
    201 103 93 14 121 6 197 53 101 127 86 82 93 55 53 230 173 63 215 185
    237 186 191 88 223 121 156 51 142 215 108 107 249 97 233 160 243 219
    103 150 66 243 195 35 165 4 239 213 68 34 109 16 84 134 87 18 81 97
    189 107 123 236 55 170 169 244 37 138 71 43 225 132 165 233 116 224
    76 51 125 101 164 14 121 17 105 232 127 104 223 31 136 122 54 148
    125 42 144 176 225 0 198 249 96 196 224 163 195 33 168 235 56 88 125
    193 215 254 211 12 180 40 34 217 231 20 200 250 199 64 74 43 202 63
    107 221 37 59 83 25 70 171 71 249 165 155 170 221 191 142 174 117 12
    180 188 230 206 174 135 67 249 95 151 72 254 113 172 20 31 254 148
    215 133 117 98 51 19 172 124 133 153 123 139 137 152 111 188 255 100
    66 198 49 95 49 128 43 130 221 184 156 43 186 28 8 1 27 9 161 30 37
    98 26 96 35 124 36 102 0 221 0 144 228 50 4 106 40 65 240 5 76 156
    163 103 5 98 160 9 0 161 106 142 29 74 9 160 206 38 113 194 223 160
    128 3 74 104 78 106 20 39 223 199 51 20 32 82 16 136 24 24 156 128
    49 153 165 206 71 181 119 22 170 90 67 181 183 97 65 212 63 51 1 64
    218 211 8 205 129 127 168 0 120 133 251 146 193 126 184 26 192 25 74
    166 20 200 163 109 222 42 64 118 185 187 129 14 133 14 93 209 33 139
    207 53 0 37 74 43 82 122 72 109 87 217 82 77 108 116 175 25 29 182
    164 142 25 151 45 133 191 53 220 83 89 32 146 95 140 117 245 125 77
    100 70 93 123 78 188 97 230 190 138 107 104 159 183 24 230 204 238
    236 162 237 46 242 239 197 17 103 255 90 76 175 46 96 11 236 189 238
    210 76 90 124 222 169 200 223 166 77 42 82 31 231 54 70 226 36 28
    134 168 223 223 250 148 124 51 90 226 121 153 82 88 167 13 189 41 15
    219 74 16 174 153 205 80 10 35 74 17 218 197 33 255 226 131 110 131
    42 251 16 58 251 153 22 183 171 53 44 237 174 203 74 144 135 59 199
    80 86 10 202 181 174 213 20 123 218 150 143 155 186 16 106 120 67
    220 113 86 225 93 244 191 43 29 174 189 236 186 151 144 143 62 116
    161 215 217 176 235 107 140 126 255 83 177 136 161 147 60 56 15 59
    245 11 159 13 46 90 218 167 143 249 149 23 88 149 208 158 117 30 103
    172 68 139 94 65 11 25 237 168 44 76 31 41 40 122 72 151 51 1 80 132
    7 108 72 89 24 193 2 228 252 36 52 88 240 195 1 209 213 95 255 182
    207 111 61 116 72 119 114 247 119 168 113 118 178 62 106 241 152 57
    63 241 171 118 192 56 154 225 57 77 177 47 13 73 214 39 248 246 124
    71 7 64 228 106 228 121 108 234 98 199 113 255 29 119 35 135 47 122
    103 36 246 82 183 216 161 210 44 56 15 43 53 47 157 13 15 74 24 167
    159 225 148 22 88 145 193 223 197 29 103 168 132 143 90 107 248 115
    80 109 221 241 87 235 113 100 8 58 157 68 182 132 50 114 24 195 126
    178 241 31 24 20 106 74 4 67 190 26 90 110 123 39 212 121 86 173 93
    86 165 40 159 182 254 230 187 189 149 159 152 178 241 195 121 154
    203 54 132 252 95 28 137 70 242 151 135 106 224 149 128 194 2 67 203
    48 225 120 162 27 250 120 171 18 252 251 203 195 65 55 171 240 2 179
    58 229 121 29 159 208 127 87 233 244 125 98 125 20 45 221 186 245 20
    172 254 115 191 75 218 85 242 235 140 86 223 42 142 100 216 255 241
    216 74 207 85 188 187 40 204 246 164 207 163 147 149 182 43 102 213
    30 92 152 251 215 204 124 84 31 101 107 164 150 7 239 93 4 192 221
    131 121 205 59 0 126 139 27 253 139 163 52 204 249 13 143 136 165
    218 49 248 147 61 94 81 18 251 178 198 236 192 254 162 185 156 167
    169 46 51 218 209 37 169 36 108 2 137 2 3 237 81 43 143 30 196 230
    161 39 163 186 202 143 115 26 147 205 236 126 160 191 149 255 165
    138 181 13 211 145 92 139 167 181 127 17 86 22 140 6 184 141 215 198
    99 133 150 203 18 78 218 32 192 233 161 171 147 92 175 18 252 153
    214 143 67 177 47 180 2 82 129 150 142 7 114 120 172 175 49 139 2 76
    58 40 211 242 199 187 225 14 1 25 209 145 50 202 23 20 118 37 14 119
    164 145 118 252 39 206 175 91 171 160 88 118 248 92 17 151 223 85 53
    186 106 216 127 185 158 29 126 200 112 130 9 82 1 212 175 59 96 88
    136 15 49 139 131 236 110 61 194 230 215 189 197 18 9 139 241 151
    112 202 147 52 71 1 8 215 181 63 152 250 6 28 121 8 153 145 243 28
    30 168 115 231 23 31 177 243 79 193 204 248 48 190 222 28 0 161 51
    36 165 88 65 242 59 112 201 123 177 61 120 94 49 204 188 51 30 70 56
    18 112 137 84 62 159 53 119 226 138 203 131 73 248 188 155 106 149
    187 140 158 241 4 160 252 246 194 162 135 123 251 95 130 73 174 121
    236 83 127 232 150 23 13 233 12 122 15 59 41 135 183 200 142 236 196
    237 252 214 99 128 132 123 234 195 133 81 250 56 236 3 43 171 24 55
    15 243 112 17 173 46 27 94 86 56 39 236 135 109 71 119 10 114 112
    212 236 98 44 193 251 12 179 231 69 19 34 34 4 87 125 214 200 39 146
    115 71 252 23 226 206 255 83 101 138 128 61 196 253 174 173 241 109
    30 250 231 37 149 239 246 218 81 80 2 14 172 24 6 89 27 36 133 130
    133 151 131 2 82 164 133 109 133 8 203 147 12 209 163 122 17 40 0 45
    26 72 126 18 180 49 140 116 7 237 138 98 108 174 145 0 209 128 62
    236 0 64 253 130 40 163 241 52 19 74 0 139 11 182 17 235 129 150 43
    186 83 142 97 218 255 17 172 127 8 62 151 255 245 176 177 37 194 87
    12 170 214 245 237 21 213 3 217 248 89 242 159 188 87 123 121 116
    244 152 62 246 60 167 59 150 148 215 248 52 208 46 26 86 230 221 132
    203 221 47 173 96 64 213 55 254 250 91 162 124 10 8 136 247 164 89
    204 147 251 252 58 252 222 63 93 135 239 87 239 122 140 52 44 139
    180 84 167 139 66 18 161 208 74 49 216 112 1 89 232 19 179 41 247
    208 10 89 132 139 40 37 105 112 160 7 141 102 155 199 243 191 232 14
    86 92 135 72 236 62 4 255 107 147 231 148 178 46 213 12 30 203 207
    149 111 53 246 38 63 2 158 213 179 190 195 30 130 89 6 104 232 55 64
    249 107 147 147 150 186 24 255 60 54 143 11 149 111 249 134 53 36
    121 101 84 75 227 80 112 228 108 8 83 1 19 48 56 204 2 104 44 178
    245 14 103 141 33 32 97 187 66 192 52 55 218 67 242 123 115 81 122
    181 63 60 66 224 207 24 51 14 196 48 150 240 172 2 94 141 37 103 227
    227 206 197 66 139 155 133 118 128 187 119 47 13 90 163 140 175 96
    64 102 127 55 128 16 152 128 241 188 52 186 194 148 129 165 243 6
    221 42 155 212 199 187 97 28 5 93 19 52 221 58 64 220 59 19 211 82
    188 24 255 109 5 142 195 20 11 180 226 33 107 0 155 77 181 225 84 87
    109 245 94 128 128 246 140 88 170 6 220 143 182 115 177 20 24 146
    232 91 141 248 213 51 143 66 156 214 147 238 247 133 12 222 230 33
    168 182 196 110 170 151 205 218 171 6 253 50 44 170 136 63 140 248
    141 121 233 233 97 215 91 207 188 67 165 60 136 27 29 218 48 27 204
    85 252 90 56 237 181 111 205 165 245 231 154 214 234 78 235 242 102
    178 152 126 180 235 177 58 108 206 43 220 146 135 119 125 91 212 248
    140 224 238 252 15 230 206 151 203 13 173 177 17 90 205 237 229 192
    238 24 120 72 154 217 93 190 200 138 82 91 67 50 210 113 5 24 0 120
    89 91 218 162 19 141 99 222 54 179 234 247 212 64 222 70 49 232 182
    228 122 170 22 201 143 187 36 255 50 110 170 128 61 142 120 172 240
    167 126 114 152 205 85 117 160 61 165 25 19 199 10 17 8 178 77 112
