<?xml version="1.0"?>
<opencv_storage>
<descriptor type_id="opencv-matrix">
  <rows>496</rows>
  <cols>32</cols>
  <dt>u</dt>
  <data>
    221 188 156 51 170 188 45 159 186 251 142 252 255 230 194 123 39 119
    108 156 51 73 171 35 252 199 127 216 168 80 131 121 120 112 58 120
    33 205 81 87 161 13 108 8 63 223 10 48 164 187 213 8 10 171 50 5 211
    201 48 25 98 128 206 251 88 112 58 118 57 221 80 23 171 233 167 9
    191 159 66 16 132 191 221 24 14 107 240 13 211 253 49 121 66 128 79
    91 106 48 50 8 105 93 144 72 143 108 145 173 14 156 102 134 204 29
    219 37 140 35 210 144 19 112 9 255 82 14 30 215 98 49 22 136 105 213
    152 72 143 44 152 41 12 222 110 214 198 25 251 1 6 3 210 209 147 80
    11 187 18 14 45 215 116 115 120 98 240 15 95 248 35 172 253 173 83
    71 203 16 62 220 69 126 72 146 216 60 127 141 37 252 106 179 70 241
    121 184 19 120 169 237 80 87 171 89 172 28 190 155 64 186 133 187
    252 16 31 107 146 177 219 221 16 122 202 0 195 11 57 58 238 255 239
    255 253 223 118 255 119 182 249 189 211 237 127 222 255 143 131 252
    255 177 86 235 243 160 111 205 254 249 219 178 238 127 187 119 121
    251 119 223 86 183 107 255 182 253 119 127 191 140 175 220 191 253
    219 251 247 207 191 164 236 119 121 23 108 103 52 122 71 54 97 230
    254 141 243 45 146 50 26 230 124 110 253 250 253 46 230 239 37 17
    103 250 94 120 70 185 180 150 109 213 184 136 171 252 16 9 236 222
    95 134 135 123 249 209 134 65 154 241 15 16 207 191 6 38 15 215 116
    115 200 166 248 14 95 152 35 172 173 173 119 231 75 80 54 204 125
    254 10 83 216 42 250 165 165 188 40 243 2 83 93 221 136 166 172 100
    94 184 162 232 139 237 215 255 91 82 247 197 253 231 205 65 223 33
    250 231 239 157 172 243 25 83 34 245 106 202 117 213 186 104 31 69
    93 131 40 204 62 132 222 25 147 225 198 58 124 255 55 93 138 235 87
    14 127 223 88 189 191 118 185 253 85 247 187 255 174 24 191 191 66
    59 165 247 253 16 59 105 250 255 251 255 84 123 202 80 135 123 117
    233 77 20 8 137 6 248 162 208 160 200 114 198 129 51 4 224 72 234 75
    75 142 125 48 0 101 60 105 51 10 24 77 176 145 75 131 126 18 152 123
    67 229 88 222 115 12 252 147 93 88 58 19 38 217 82 139 254 1 78 138
    35 107 55 193 49 151 67 193 93 48 5 107 240 43 8 254 144 76 183 160
    94 112 24 21 248 155 64 13 152 69 34 74 2 203 174 1 170 147 241 96
    173 168 19 50 27 80 112 181 147 192 41 23 58 118 24 147 220 195 33
    140 138 122 192 136 128 131 161 35 129 11 141 84 135 235 101 76 13
    88 71 180 136 52 64 216 43 19 13 18 184 80 93 37 60 154 64 21 10 113
    172 149 64 223 231 166 38 109 216 116 243 215 86 213 227 249 107 127
    205 63 238 169 213 189 192 212 235 255 132 173 251 241 160 109 117
    125 103 244 79 71 184 113 232 255 72 211 117 153 52 30 220 124 106
    233 240 249 46 239 254 37 20 98 251 70 48 109 85 117 103 52 78 111
    184 125 232 127 64 211 119 153 112 94 220 126 106 233 176 121 46 239
    255 37 4 106 243 66 177 232 233 172 126 41 204 71 182 227 146 160 8
    178 145 81 51 136 226 104 74 106 79 242 57 227 251 84 56 64 49 66 42
    70 165 160 3 147 250 54 135 43 5 107 169 204 38 14 148 147 31 192 16
    22 152 169 70 45 54 20 71 194 70 143 215 109 117 113 71 244 79 103
    184 113 234 255 76 211 117 157 52 28 204 126 106 233 176 253 46 103
    254 37 20 106 251 82 177 25 157 63 250 145 239 119 247 63 73 254 68
    255 247 40 112 245 187 95 8 27 187 59 127 251 223 54 66 152 66 231
    251 42 129 96 136 95 145 170 105 7 1 93 131 169 142 54 132 122 185
    147 193 86 58 84 221 7 81 138 233 55 14 61 142 49 181 9 237 52 107
    79 59 22 160 202 224 215 33 144 160 24 94 92 106 89 152 89 31 232
    231 161 212 56 170 208 48 97 168 91 240 104 249 120 66 233 87 164 24
    174 131 130 31 131 3 78 8 38 79 162 81 214 216 80 123 64 128 7 205
    13 189 65 229 180 107 71 187 18 160 10 232 215 117 208 160 17 94 92
    106 121 216 217 31 236 215 165 116 44 234 80 48 2 161 12 139 28 197
    232 109 134 29 192 3 160 200 52 64 200 170 10 201 30 168 81 253 45
    16 138 65 17 10 116 142 192 184 253 21 42 72 104 7 235 245 98 221
    151 134 68 123 163 79 108 0 23 92 183 65 141 176 83 105 44 128 199
    124 77 188 197 229 212 42 163 191 50 163 74 252 211 53 65 34 31 94
    112 57 33 252 221 14 237 167 181 68 236 104 18 185 131 64 14 155 28
    135 168 96 140 4 209 147 165 202 54 65 76 41 27 239 102 141 82 253
    129 56 138 0 20 136 49 140 192 144 237 117 34 74 109 7 126 243 98
    245 213 38 84 91 51 71 105 4 17 220 151 65 76 34 119 0 236 224 197
    112 245 46 238 50 200 47 95 248 176 158 165 221 83 99 11 27 21 228
    68 126 184 71 222 42 219 139 101 220 224 241 66 193 28 103 193 229
    164 106 111 182 48 234 90 226 215 37 145 43 51 222 93 110 105 240
    205 10 228 231 101 132 228 251 87 49 192 6 111 37 244 106 239 35 48
    194 98 247 243 45 145 81 123 198 33 163 105 180 69 14 100 38 230 0
    101 240 246 48 161 168 88 249 236 189 120 67 239 17 113 80 159 130
    100 56 139 43 66 24 22 60 82 83 15 152 18 104 208 136 203 133 131
    142 62 250 44 164 248 87 205 27 93 86 188 153 182 99 239 43 31 15
    182 45 10 245 214 216 250 200 156 203 249 137 61 110 165 165 52 14
    79 16 36 164 139 77 211 1 17 3 92 228 93 111 232 244 97 40 229 202
    165 16 100 251 80 96 131 11 38 251 228 164 109 117 237 30 83 85 189
    139 180 91 230 43 55 141 208 220 34 224 196 58 250 128 4 194 241 233
    176 172 105 65 20 203 67 6 85 101 234 155 115 76 20 112 121 170 2
    164 171 188 117 63 101 12 129 1 245 136 212 126 8 74 231 241 52 170
    233 22 62 31 82 208 157 35 144 220 39 45 127 157 130 220 37 228 132
    250 250 128 132 208 131 169 160 168 107 17 116 217 99 87 119 69 100
    188 131 128 210 60 89 170 66 12 62 248 245 19 206 212 144 105 98 136
    214 204 60 102 165 165 28 15 79 152 6 164 138 77 195 65 17 3 24 196
    77 111 232 228 121 8 225 200 165 52 96 251 84 104 75 142 151 245 168
    59 45 51 173 59 23 240 223 39 136 239 135 119 124 8 177 201 99 229
    140 254 122 208 198 160 129 33 188 171 161 167 164 15 199 189 18 236
    144 201 211 37 81 2 28 124 101 111 217 240 201 42 237 129 229 52 68
    250 214 249 64 170 207 19 168 248 96 19 239 119 102 156 231 197 194
    95 3 38 104 28 7 124 247 48 206 243 80 65 226 204 69 92 100 60 197
    165 202 47 143 191 50 162 138 202 209 53 81 34 29 214 113 163 121 86
    217 42 125 134 237 180 173 114 146 176 141 30 61 253 174 47 95 186
    223 122 117 116 223 119 161 121 199 113 62 110 177 37 107 251 198
    251 99 132 156 249 129 115 221 156 191 251 172 38 95 187 221 219 183
    118 220 119 168 107 197 215 61 190 185 231 187 226 219 251 119 196
    152 241 161 115 10 209 173 255 133 215 189 205 31 83 93 18 252 252
    62 104 221 91 187 131 211 248 123 241 199 95 222 3 150 94 181 250
    167 49 229 77 77 23 200 88 87 232 245 78 82 88 149 173 216 136 22
    255 173 246 117 152 23 26 193 52 223 189 122 181 241 186 141 184 168
    204 1 3 166 127 166 245 146 134 194 95 205 134 236 132 59 79 243 17
    144 176 250 122 136 0 174 112 215 232 143 178 141 196 66 128 162 249
    131 25 214 246 88 250 193 69 121 211 31 75 218 48 217 193 207 125
    128 115 185 66 41 2 109 241 100 155 233 87 109 85 246 246 153 15 144
    108 106 172 126 156 147 188 101 193 198 249 178 192 103 136 199 248
    235 245 43 190 237 212 255 253 155 93 221 151 252 222 122 34 223 203
    247 199 215 78 250 243 247 125 142 239 15 31 183 223 119 104 138 182
    137 196 94 130 162 192 128 9 183 250 83 18 137 231 121 215 76 75 218
    40 251 209 159 121 136 52 58 74 88 185 187 236 57 78 83 56 34 204
    206 41 183 183 0 80 240 252 125 96 9 139 241 15 243 229 43 153 34 34
    38 123 190 94 255 254 230 107 183 246 189 206 116 251 111 253 173 43
    191 243 247 99 225 231 42 235 115 99 108 139 103 253 119 251 57 36
    199 109 30 11 72 123 87 162 242 202 115 185 148 240 124 252 126 168
    169 255 69 159 90 238 245 20 127 168 120 24 89 32 15 36 11 127 80 64
    43 224 163 141 79 142 2 147 186 133 216 37 13 117 17 24 211 193 1 51
