<?xml version="1.0"?>
<opencv_storage>
<descriptor type_id="opencv-matrix">
  <rows>500</rows>
  <cols>32</cols>
  <dt>u</dt>
  <data>
    249 121 110 52 6 74 188 224 176 242 208 139 119 188 17 155 170 245
    245 231 109 231 150 41 208 227 105 169 109 53 27 218 99 168 185 84
    77 157 249 71 123 9 236 24 60 154 84 52 165 171 82 12 214 122 178
    211 23 188 16 58 65 0 227 175 104 51 148 110 41 45 80 20 235 41 171
    76 142 185 73 30 132 183 236 0 153 99 211 0 147 245 80 59 202 90 202
    27 225 176 83 93 81 156 112 112 121 0 114 72 58 90 13 181 248 184 86
    40 175 182 208 79 23 254 0 2 107 128 74 142 216 133 30 225 168 172
    121 23 172 29 174 4 159 147 74 83 166 23 125 28 90 137 147 64 195
    249 50 80 42 128 171 9 190 184 222 56 235 179 176 206 191 23 100 189
    13 250 103 153 175 251 226 145 52 127 30 242 26 211 89 111 249 117
    43 151 232 231 133 22 189 90 134 174 250 231 162 89 98 104 222 151
    153 70 104 109 37 107 239 42 56 54 85 57 193 116 223 108 209 41 86
    86 17 158 96 33 249 128 227 72 243 80 5 177 176 166 108 24 237 236
    215 14 152 186 81 66 72 0 74 14 17 21 122 43 22 235 179 65 236 5 107
    2 213 152 50 96 50 41 82 145 20 177 52 94 229 173 34 64 245 2 161
    194 88 120 155 101 2 41 62 134 46 163 234 232 191 182 65 186 38 253
    108 145 5 153 145 32 145 229 62 17 232 113 9 8 228 226 106 24 108 64
    170 200 234 72 240 235 112 204 63 32 252 217 66 227 134 39 142 81 84
    56 171 173 85 59 111 144 150 255 120 67 154 139 143 172 94 166 170
    140 235 104 93 32 27 251 72 226 234 164 253 127 169 14 5 113 101 243
    70 60 44 61 249 45 234 251 182 72 94 226 249 232 254 252 205 160 159
    127 254 3 135 48 237 59 132 7 41 183 212 107 15 177 16 12 245 1 134
    107 169 6 110 245 74 146 157 41 81 14 35 79 107 25 17 184 181 66 205
    172 90 68 229 65 5 234 216 231 110 168 218 194 29 231 162 52 140 139
    77 167 50 83 38 183 201 161 122 11 132 29 251 225 13 125 53 180 175
    74 43 193 142 91 240 183 168 119 36 89 127 193 24 2 182 248 204 14
    182 140 150 152 7 101 78 41 242 192 203 134 234 141 229 213 207 7
    224 14 239 188 112 182 235 92 82 112 154 27 61 196 112 238 249 246
    253 110 108 46 229 4 109 243 210 240 8 70 222 247 66 226 232 70 124
    167 111 146 41 42 63 88 35 47 35 152 36 220 37 106 71 175 250 129
    133 208 47 136 40 241 178 131 193 252 39 198 107 77 104 4 142 130 78
    180 221 94 226 81 83 154 242 224 173 212 150 106 138 87 166 252 139
    76 7 22 75 246 44 102 181 210 66 147 104 246 52 239 33 99 251 167
    101 205 55 239 55 34 222 130 43 84 169 92 137 45 62 48 154 171 181 3
    188 250 62 57 188 185 19 59 35 39 123 53 48 233 6 126 104 11 125 241
    201 96 131 203 195 160 173 20 9 84 120 235 186 87 32 25 238 234 92
    155 161 71 121 141 118 79 187 97 155 59 90 111 64 5 167 206 188 183
    126 108 126 203 147 121 206 12 253 186 127 221 170 16 126 153 206
    115 162 35 111 31 126 197 33 127 119 139 231 211 94 126 235 92 80
    246 111 82 55 206 206 70 88 247 181 252 117 252 191 170 161 215 185
    94 119 46 167 132 171 240 102 113 182 52 19 100 155 103 70 111 81
    170 169 88 66 120 21 177 185 205 68 177 57 199 25 30 185 222 13 54
    225 112 230 6 203 240 143 180 169 92 69 253 179 123 134 80 190 182
    74 247 201 196 252 140 107 207 251 67 185 50 222 150 2 20 186 109 90
    51 120 160 178 201 89 81 43 173 52 189 159 143 66 24 182 189 221 148
    26 26 176 80 219 213 57 245 164 128 135 115 250 228 107 44 25 242
    218 111 183 198 234 145 97 236 54 113 217 245 249 165 108 207 181
    159 59 127 143 89 5 36 246 94 170 111 110 205 25 82 126 254 165 140
    254 160 233 135 147 240 88 214 255 234 76 139 229 254 103 109 166
    153 3 215 126 171 253 246 145 122 169 157 86 221 187 27 241 124 174
    223 204 190 159 219 252 82 255 103 218 179 179 253 52 250 74 25 139
    23 39 172 106 26 252 153 190 229 223 95 121 223 224 232 190 33 155
    107 83 7 246 122 126 247 62 30 28 235 221 95 211 223 27 129 239 103
    34 42 239 182 62 127 126 231 121 47 158 0 63 207 55 140 203 208 37
    225 6 239 254 132 229 244 113 121 45 116 89 41 210 111 57 91 56 230
    109 157 87 7 3 25 23 141 209 52 49 212 125 30 69 135 9 116 168 230 7
    208 71 191 171 83 177 252 114 146 247 201 79 96 48 247 214 244 177
    126 252 216 159 216 174 98 15 93 181 235 130 133 126 239 147 161 110
    64 0 23 169 96 236 180 183 151 216 138 158 3 172 5 91 237 164 245 53
    68 80 9 203 132 77 2 227 212 44 245 151 138 235 119 21 222 167 91
    252 109 92 215 233 159 215 90 246 82 83 195 123 32 251 208 116 206
    154 215 166 251 22 207 70 215 199 163 236 239 183 178 234 194 97 235
    117 141 121 227 51 170 96 209 11 253 58 202 223 134 53 112 248 140
    108 121 227 19 205 73 239 197 126 226 91 141 249 205 93 140 57 110
    211 87 193 112 221 226 125 20 159 32 207 255 215 248 58 236 99 72 83
    251 114 98 63 65 104 137 59 221 36 48 59 185 211 16 42 187 48 127
    123 109 1 75 231 142 102 250 173 227 100 125 116 143 232 185 118 152
    112 64 243 73 152 165 92 168 118 253 234 240 79 29 44 218 231 196
    119 168 210 160 51 181 88 88 155 159 80 127 23 97 164 29 10 30 6 52
    205 175 206 20 254 171 113 222 187 95 16 115 251 140 170 222 157 52
    179 106 241 55 115 222 113 77 125 20 78 254 174 180 189 203 148 254
    191 183 56 238 187 253 20 66 235 87 235 255 158 191 120 104 250 217
    19 235 58 37 108 189 13 214 130 144 55 27 197 112 114 24 42 55 238
    197 37 255 246 134 143 243 101 52 172 73 252 54 166 216 118 43 229
    116 208 242 157 120 217 76 122 186 167 67 251 90 118 47 187 12 217
    113 251 134 195 34 221 29 74 169 168 10 62 113 66 246 180 194 204
    251 38 141 122 141 167 212 199 81 4 32 122 128 13 0 35 156 67 50 154
    81 242 180 185 23 190 75 118 245 188 190 230 120 183 59 191 148 150
    221 162 66 79 63 62 194 136 64 175 223 25 240 88 90 50 216 178 220
    118 3 117 242 124 87 140 160 63 25 214 98 103 165 15 127 50 167 50
    203 127 147 43 189 243 38 77 95 16 158 75 50 53 46 239 208 227 6 150
    117 92 182 76 174 252 220 101 111 167 186 144 16 96 129 102 108 225
    180 90 86 112 62 252 63 186 186 53 124 156 178 198 183 151 111 84 46
    245 94 136 78 42 187 61 174 72 192 203 141 8 145 181 121 233 252 241
    19 255 93 120 20 255 252 248 185 133 59 227 28 147 104 114 113 207
    251 86 72 210 68 133 249 56 127 247 78 118 75 183 252 121 204 124
    239 124 125 175 53 62 123 23 98 193 248 44 108 122 79 101 130 103
    242 103 249 97 166 122 32 120 173 114 99 235 173 186 29 143 234 70
    18 167 167 108 4 148 107 130 84 154 221 33 122 72 224 202 7 170 247
    117 15 173 15 215 255 125 39 189 221 239 105 30 21 159 18 197 39 248
    188 125 159 171 222 84 22 87 220 198 253 228 221 231 110 221 111 246
    175 241 171 187 26 210 253 29 34 217 214 123 35 248 239 91 46 127 46
    85 23 225 123 214 170 24 22 126 117 78 6 185 114 240 142 246 167 9
    43 7 3 110 245 207 161 228 255 116 76 87 163 122 137 101 96 103 219
    235 249 42 6 121 149 187 125 91 232 189 13 60 156 118 165 172 57 243
    95 215 107 186 240 59 25 15 254 75 14 187 221 147 167 14 46 144 146
    190 109 44 5 203 213 225 234 62 64 254 7 201 165 254 137 13 79 186
    101 142 193 13 6 187 220 5 45 170 3 148 191 170 98 102 224 174 132
    241 44 215 160 28 102 250 221 149 184 53 46 76 13 15 65 205 175 91
    252 195 254 182 176 236 4 117 255 251 255 150 53 140 190 222 127 229
    215 127 145 254 79 170 243 186 126 223 238 134 213 246 127 104 49
    121 45 100 233 113 18 105 117 122 41 191 29 2 26 130 61 117 1 10 186
    192 1 196 249 32 33 100 136 70 211 9 166 214 119 160 250 104 7 189
    19 119 208 239 109 156 239 167 54 252 8 35 244 131 129 134 251 112
    129 230 204 201 45 2 50 253 65 114 123 185 2 111 101 119 185 138 12
    150 60 39 157 223 21 146 188 37 194 71 28 16 199 229 132 71 245 71
    191 169 147 242 173 59 222 59 255 28 253 188 231 219 20 183 75 215
    149 183 90 170 119 124 22 63 238 142 197 135 249 140 142 103 123 161
    168 232 144 61 19 99 208 207 195 152 221 35 47 127 142 50 212 143
