<?xml version="1.0"?>
<opencv_storage>
<descriptor type_id="opencv-matrix">
  <rows>500</rows>
  <cols>32</cols>
  <dt>u</dt>
  <data>
    77 52 219 183 224 52 124 23 50 227 75 212 253 167 75 250 55 255 52
    148 133 208 156 98 206 231 255 160 172 240 171 152 93 68 140 165 160
    46 77 25 32 162 143 132 215 35 153 91 17 68 124 46 169 212 245 8 196
    235 229 20 170 243 18 32 76 184 181 119 205 108 53 139 234 251 13 24
    254 245 73 62 129 94 249 16 19 72 250 33 205 247 85 63 194 113 135
    242 148 6 87 171 50 139 106 56 60 8 123 229 223 7 160 209 54 33 78
    188 51 156 9 95 172 134 42 192 112 131 1 1 35 251 2 138 84 133 131
    252 79 105 252 78 48 209 108 164 92 138 18 206 203 58 94 245 40 28
    133 126 91 14 216 189 236 182 252 99 244 111 113 152 27 191 53 56
    223 21 201 27 55 92 68 56 50 116 169 2 79 219 117 117 227 201 71 163
    144 78 15 191 0 131 78 48 20 162 194 195 243 3 49 65 104 228 47 238
    104 149 73 46 240 162 235 16 49 187 36 8 77 255 156 179 168 44 101
    150 170 249 143 69 223 51 73 91 133 71 109 30 147 201 217 32 233 227
    127 84 136 114 131 59 108 253 185 99 181 121 87 159 114 245 12 56
    183 53 74 58 1 94 213 80 26 120 235 32 239 193 53 117 194 219 214
    123 149 126 145 187 32 75 66 154 22 234 64 253 183 6 1 88 215 233 12
    23 123 156 65 51 192 198 60 56 184 105 1 27 96 41 89 72 93 201 227
    74 107 32 232 8 51 147 69 48 56 170 66 216 10 58 246 29 127 140 128
    57 113 130 66 138 64 179 185 97 160 44 127 190 42 189 58 104 151 55
    200 50 151 95 109 88 16 152 225 32 205 173 119 228 128 195 135 43 96
    225 152 96 217 88 17 142 227 181 172 8 2 246 74 114 201 214 232 16
    26 75 242 1 221 165 21 127 192 26 206 106 169 181 32 175 189 219 196
    105 214 104 153 58 218 184 90 165 216 46 218 33 125 57 120 159 189
    80 201 119 26 14 216 134 45 160 200 137 222 11 161 203 86 49 88 170
    145 160 216 128 91 8 34 60 19 184 71 21 76 143 185 100 245 136 88
    160 114 131 8 158 41 213 94 233 151 78 205 129 105 198 175 80 221
    171 191 198 78 7 170 251 179 245 143 187 16 246 174 92 228 175 221
    100 238 43 150 171 203 186 58 120 222 56 197 51 135 119 108 34 225
    105 201 106 188 158 101 52 204 248 3 41 199 52 247 85 195 46 165 67
    248 154 123 86 88 121 13 127 41 86 123 162 177 245 152 66 21 42 87 6
    201 113 227 162 74 56 150 189 9 141 176 7 174 17 2 0 172 179 64 202
    160 55 234 16 7 73 147 213 133 242 90 19 10 0 9 10 60 169 161 98 221
    205 83 204 70 229 172 8 54 213 74 52 153 202 66 88 90 43 250 53 249
    197 5 127 195 11 246 250 28 125 122 40 211 251 183 196 237 196 254
    171 78 204 35 16 182 249 198 113 4 163 38 76 114 37 5 11 231 247 47
    215 18 154 190 181 50 192 177 70 188 5 90 163 164 159 34 64 231 59
    171 145 18 153 3 101 200 38 186 195 132 0 37 219 165 240 37 115 40
    31 75 184 91 250 49 92 223 84 221 191 151 69 116 127 233 100 249 18
    141 26 101 244 88 177 67 117 246 180 249 160 139 99 146 202 155 247
    145 187 78 255 78 26 159 153 213 51 58 71 218 210 155 215 9 255 213
    109 15 115 111 64 67 83 17 158 106 148 53 65 99 212 91 71 156 252
    112 140 48 220 189 148 125 175 38 254 144 64 171 149 250 116 93 81
    174 229 12 22 75 56 228 132 199 2 83 115 27 98 112 228 121 235 200
    193 181 12 241 235 239 4 33 35 112 34 164 92 23 184 205 197 210 70
    191 26 224 17 174 219 32 221 201 251 202 82 46 47 18 243 145 210 83
    43 80 49 238 138 178 237 16 190 205 197 212 231 155 23 168 27 34 185
    37 9 200 243 195 64 126 107 82 179 179 208 220 59 208 92 254 142 33
    124 123 107 116 174 107 212 104 72 124 76 183 83 149 48 182 56 22
    126 131 176 48 124 103 189 32 128 88 147 99 233 67 223 147 30 112
    140 47 182 188 73 107 196 252 231 168 84 150 107 20 78 211 152 26
    111 164 190 36 136 24 146 139 185 217 248 29 187 42 216 41 148 174
    81 130 240 189 150 192 115 38 21 108 208 3 73 167 113 221 161 122
    200 0 1 39 57 238 33 146 58 217 237 18 193 187 21 161 25 78 210 107
    156 153 139 194 18 30 71 154 18 153 212 5 127 208 79 142 198 195 251
    2 6 104 148 148 181 169 208 128 237 164 140 86 2 142 165 234 199 197
    47 222 209 180 16 79 190 76 54 59 95 199 189 141 219 184 180 174 164
    190 19 139 84 244 246 220 231 197 119 121 223 179 73 251 247 172 62
    159 216 156 81 177 44 250 38 32 232 169 37 95 31 181 46 140 185 139
    135 2 89 205 151 237 166 120 15 195 150 243 244 184 189 178 213 166
    98 35 225 229 5 236 10 237 175 10 53 88 139 145 44 150 18 73 198 23
    141 214 88 101 0 108 15 252 132 165 156 210 200 146 72 10 154 79 225
    152 78 158 21 192 19 164 202 33 200 200 187 171 145 14 15 218 241
    145 48 154 43 144 84 61 138 37 60 123 74 205 125 246 231 216 99 244
    24 18 184 61 57 201 10 82 42 245 43 112 38 55 29 20 59 217 88 218
    142 205 109 193 103 240 158 110 180 232 224 42 76 249 167 209 178 6
    102 88 78 197 216 252 106 111 157 165 176 10 247 67 120 214 182 23
    190 11 70 14 232 188 218 192 221 239 230 40 241 245 241 238 162 109
    71 154 95 145 178 95 28 24 48 47 148 24 55 82 65 115 146 170 115 109
    0 126 226 13 211 164 180 62 57 134 176 81 152 4 206 54 228 34 194
    103 130 103 169 73 141 27 190 180 220 111 183 184 75 75 64 253 247
    24 224 129 102 120 14 211 24 186 127 229 63 62 0 8 194 145 120 101
    105 229 103 132 14 110 144 97 240 42 72 147 48 213 190 72 236 116
    223 201 248 253 40 173 248 199 32 140 243 82 44 5 139 156 179 132 13
    229 167 198 53 14 0 245 99 90 75 1 70 106 28 82 120 235 49 236 131
    119 64 144 216 137 168 78 218 175 188 106 36 88 154 171 95 130 253
    220 239 74 90 167 213 253 149 150 79 155 81 219 39 123 204 136 229
    47 83 33 34 201 65 100 139 224 83 106 177 112 248 149 8 212 42 15 12
    98 29 147 252 197 80 12 30 48 100 205 136 83 137 50 56 41 40 77 237
    209 66 203 108 184 13 34 156 86 24 200 177 195 1 142 43 242 177 211
    80 144 59 81 13 86 222 20 55 51 66 211 255 163 194 232 13 237 26 74
    242 45 180 57 146 194 50 50 179 56 126 61 140 2 71 193 67 231 166 34
    176 56 104 40 13 145 90 138 248 184 109 182 156 68 34 141 25 95 81
    130 43 210 17 217 216 57 254 88 8 19 187 140 160 184 176 185 109 88
    143 27 183 16 25 143 47 74 10 135 27 205 17 62 102 203 146 207 213
    29 127 146 73 143 67 45 47 84 97 176 59 64 23 117 33 110 28 131 1
    147 252 19 12 108 60 189 184 101 14 142 255 49 85 234 236 202 4 151
    127 82 11 171 121 182 70 140 107 219 255 12 156 230 172 174 23 254
    83 215 167 135 242 54 97 42 179 95 95 169 149 138 167 140 177 184
    169 184 143 174 113 8 177 140 170 66 10 167 27 219 17 22 73 195 115
    204 81 31 255 140 68 143 203 177 237 26 2 188 157 198 231 232 40 184
    72 178 152 20 49 136 106 76 111 126 43 76 63 186 24 4 123 73 26 219
    142 237 210 140 30 201 92 71 188 146 254 165 12 242 228 75 155 89
    196 232 106 108 71 251 43 127 35 229 61 90 127 222 114 98 185 153
    176 233 221 148 79 139 249 152 45 182 188 66 146 141 59 243 21 23
    106 210 145 143 85 29 255 216 76 159 223 112 225 27 46 92 205 211 96
    224 12 249 8 115 217 40 16 248 249 78 115 78 35 136 45 251 173 32 89
    97 11 102 130 92 73 238 229 7 30 95 180 97 132 134 2 91 41 17 118
    118 228 125 238 200 241 181 168 243 239 197 21 39 183 112 40 24 107
    150 167 29 15 66 232 102 172 138 73 199 1 65 128 144 236 108 96 72
    187 89 60 185 197 5 53 98 42 84 10 112 241 26 46 121 205 18 104 234
    13 233 41 246 210 40 16 216 249 108 66 94 35 202 49 249 229 34 123
    64 3 231 3 86 17 134 209 185 230 89 11 175 177 143 144 206 55 72 254
    193 22 253 16 27 201 147 192 155 242 219 215 130 68 165 54 36 205
    252 119 244 105 231 175 218 147 56 139 243 104 93 3 147 115 3 115
    114 104 78 47 108 142 101 125 213 248 215 130 203 54 83 65 203 114
    172 83 61 66 226 244 137 6 140 189 126 149 202 168 177 135 229 206
    54 124 154 142 135 196 167 181 154 18 126 217 83 227 185 87 53 5 246
    243 41 15 36 28 110 155 131 128 48 188 1 223 87 231 18 195 231 132
    175 187 74 47 83 112 178 248 124 23 189 14 38 249 175 135 128 212 38
