<?xml version="1.0"?>
<opencv_storage>
<descriptor type_id="opencv-matrix">
  <rows>498</rows>
  <cols>32</cols>
  <dt>u</dt>
  <data>
    65 114 6 5 10 14 33 24 102 168 95 228 193 128 194 86 52 76 110 206
    129 208 199 0 68 32 33 128 40 131 32 177 48 33 228 1 77 219 160 64
    103 116 226 143 2 12 86 140 104 140 226 81 14 250 247 16 23 32 208
    115 99 12 94 222 157 254 239 127 178 162 79 190 119 202 70 244 115
    231 152 113 55 110 53 174 171 220 175 63 234 239 117 132 172 241 224
    121 237 99 253 103 164 31 111 185 105 170 55 76 211 97 217 51 24 68
    108 110 201 240 237 40 230 217 101 180 74 251 210 33 237 99 237 103
    164 31 79 152 123 238 183 76 211 65 223 59 24 196 108 126 233 244
    237 40 230 219 101 180 78 251 90 97 5 236 126 58 176 189 119 254 124
    78 110 185 115 230 142 48 191 203 68 30 182 40 47 126 126 207 37 65
    193 243 235 67 240 172 110 50 176 232 239 239 112 7 228 153 115 236
    222 25 59 206 81 21 62 205 174 39 122 15 52 65 229 209 198 200 60 63
    113 70 250 75 19 216 99 172 253 40 83 213 205 52 58 220 68 114 10
    115 232 42 123 132 37 127 227 179 70 163 42 161 98 74 85 213 218 97
    75 77 249 11 40 220 126 148 248 153 151 209 158 58 144 213 63 92 138
    235 87 6 126 206 6 176 180 158 105 213 152 232 155 253 16 173 236
    252 110 142 151 123 243 81 134 67 154 249 11 18 93 191 150 44 31 215
    143 86 102 75 242 242 190 252 125 78 93 247 73 78 191 229 126 153
    151 239 229 148 45 255 38 127 170 135 127 215 253 245 43 161 98 75
    85 213 187 205 127 69 125 2 40 220 254 164 92 26 147 153 146 58 126
    247 47 28 130 235 215 134 246 252 237 174 189 127 184 174 79 159 119
    251 239 124 243 231 136 56 29 238 108 28 187 222 239 55 238 191 53
    64 202 208 194 49 129 184 159 241 200 173 169 87 186 27 80 124 180
    247 64 43 15 59 115 145 179 88 210 97 13 138 250 232 205 0 131 185
    143 253 166 27 193 246 188 231 191 87 102 149 232 238 6 155 165 107
    225 151 246 221 58 119 47 87 86 195 203 84 175 222 202 188 179 218
    249 237 53 199 187 31 164 24 172 247 96 255 133 51 235 16 50 79 178
    243 223 214 86 123 146 68 167 235 252 189 191 127 184 239 119 255
    127 239 254 24 255 255 2 56 183 254 125 24 186 252 251 63 255 255 53
    85 224 240 198 123 92 239 155 254 170 192 95 189 179 190 135 169 103
    231 72 82 55 247 237 194 90 75 170 51 249 166 245 253 34 243 166 123
    109 69 121 103 244 78 111 184 117 224 127 72 211 117 153 116 26 220
    118 106 233 176 253 46 231 255 37 4 99 251 70 160 32 121 177 85 81
    95 103 67 123 161 32 8 18 55 68 181 144 124 64 88 33 248 248 44 45
    154 5 54 194 112 198 162 10 139 98 172 114 129 184 69 6 12 80 231 44
    142 182 196 238 57 151 197 198 154 6 221 4 52 170 139 23 132 43 217
    2 249 98 138 114 145 186 101 47 1 88 163 172 222 182 132 126 57 147
    197 198 58 6 253 38 20 138 235 85 6 45 158 233 34 28 240 104 189 177
    82 203 59 180 56 175 147 194 159 142 51 254 8 6 107 194 145 214 217
    112 58 74 200 10 129 253 55 82 66 160 60 70 57 161 74 237 252 91 230
    142 181 54 140 196 46 189 210 156 5 178 249 97 116 106 231 130 21
    192 160 229 53 9 88 96 23 227 245 166 28 143 162 66 119 35 102 104
    152 21 77 255 192 207 209 215 125 42 164 199 92 105 116 35 19 81 253
    34 20 123 233 34 76 170 20 69 182 149 76 100 70 165 244 208 63 39 92
    17 50 74 23 2 221 229 116 141 245 218 46 166 159 48 171 146 254 210
    125 9 42 93 214 113 177 185 246 217 10 45 38 253 212 237 121 146 179
    45 124 19 19 113 253 50 128 125 104 107 77 226 208 13 189 144 106
    194 86 165 176 120 60 39 216 0 114 202 95 66 213 120 144 188 245 28
    79 85 63 134 191 166 9 247 61 2 11 129 86 109 40 120 105 123 12 203
    215 117 21 224 104 132 106 11 16 58 217 36 188 232 23 205 91 94 86
    184 153 180 228 228 10 31 140 131 173 51 211 71 125 178 136 30 204
    249 185 81 22 167 21 143 126 53 50 164 255 222 119 227 55 130 111
    101 198 238 160 173 217 247 136 207 231 119 131 170 108 116 127 247
    86 23 228 114 39 158 124 16 170 210 122 80 57 145 49 156 245 117 231
    233 215 73 14 112 42 237 146 9 113 50 33 146 148 111 101 19 110 118
    114 117 74 202 247 82 125 36 113 125 222 157 162 237 213 53 14 243
    34 196 130 105 116 116 119 195 43 106 241 164 184 121 23 125 29 86
    244 185 142 150 109 102 175 63 157 188 220 165 192 198 121 250 192
    164 133 177 109 252 135 219 229 150 98 39 216 114 160 254 226 83 243
    233 98 123 220 46 248 89 243 173 10 252 165 167 68 167 250 52 161 49
    11 105 13 180 138 75 40 117 100 234 135 67 8 150 80 90 164 8 110 220
    178 101 30 118 46 128 81 117 138 84 68 176 99 233 45 36 10 207 120
    80 166 208 175 243 41 147 1 90 204 85 111 232 242 197 10 228 33 237
    160 101 250 86 232 1 15 88 65 52 187 74 2 125 36 126 164 227 0 150
    116 94 174 46 124 142 184 101 60 166 156 32 0 126 202 72 68 9 172 18
    97 32 159 106 214 103 9 126 64 191 131 208 180 21 42 6 12 3 156 199
    51 134 221 50 0 74 130 203 172 97 47 104 5 84 203 67 46 119 229 186
    137 99 40 150 16 25 230 108 252 172 186 109 62 126 14 165 81 229 138
    86 76 180 227 233 165 12 11 207 253 82 230 208 139 243 73 219 2 24
    204 69 111 200 118 205 10 228 5 37 52 101 250 214 224 240 160 236 87
    168 90 64 143 115 229 230 61 227 104 198 124 89 206 108 128 28 252
    255 34 202 254 213 113 227 168 222 78 180 235 233 37 140 75 135 232
    18 252 144 235 211 109 217 3 89 204 101 227 72 114 207 48 236 0 229
    253 101 250 214 243 138 92 187 219 53 230 187 222 31 79 214 22 252
    223 55 72 255 59 159 145 163 180 115 255 231 255 158 130 156 88 53
    251 205 22 191 254 172 46 109 25 253 202 87 116 223 255 185 107 246
    101 63 47 177 229 42 202 194 251 114 140 156 251 241 113 149 177 159
    181 170 15 100 249 22 250 82 87 215 247 104 67 245 105 46 116 121
    248 91 8 204 130 103 36 168 120 33 145 72 162 156 213 172 232 97 130
    230 53 166 56 199 161 192 206 3 70 234 24 18 105 203 48 140 163 51
    85 198 201 216 32 6 92 171 187 181 246 189 215 63 206 214 167 188
    222 49 105 255 123 159 149 163 212 51 250 207 95 158 194 150 85 181
    127 118 148 237 21 138 123 84 171 87 246 162 189 67 108 79 27 19 214
    232 34 188 216 253 8 142 194 85 55 229 252 196 86 204 66 220 51 160
    235 33 5 174 183 167 176 231 225 202 218 3 38 234 24 2 229 207 32
    140 163 119 17 196 208 141 32 102 116 233 165 202 97 143 172 2 242
    136 235 209 125 89 19 27 213 113 227 105 102 221 26 124 6 205 188
    125 243 150 242 24 52 204 23 131 123 49 58 52 255 134 191 99 39 131
    191 49 230 232 164 45 221 253 44 223 99 117 209 163 101 14 94 208
    178 197 61 10 104 37 138 166 23 226 213 131 226 72 91 105 199 106
    192 42 84 223 97 148 160 195 5 41 97 167 146 133 22 63 254 44 37 239
    88 223 90 117 118 253 251 185 105 246 33 62 111 161 37 58 255 194
    251 99 140 92 251 97 113 159 22 191 236 172 38 159 88 221 202 213
    118 93 255 185 107 214 101 63 239 177 231 43 234 210 251 235 152 156
    249 177 113 139 95 125 220 172 23 157 255 94 106 148 238 185 60 181
    41 142 113 119 239 225 47 103 255 98 91 255 188 93 248 209 253 43
    248 170 159 229 84 189 238 89 222 84 135 168 252 127 47 221 107 179
    135 197 250 246 225 7 123 222 171 7 116 255 223 91 129 63 190 57 212
    89 46 175 93 206 1 255 255 26 114 130 55 125 5 30 137 51 245 195 255
    90 211 2 4 39 74 127 246 16 172 43 29 28 168 15 242 128 237 239 108
    67 147 151 73 233 39 14 70 223 153 184 81 77 63 28 126 11 83 80 29
    57 237 180 238 94 55 44 72 218 79 183 63 16 112 196 183 125 161 217
    171 209 12 249 233 174 16 8 72 161 59 95 168 138 182 153 148 94 162
    178 240 138 13 13 234 83 26 137 231 249 215 92 75 150 32 185 87 207
    121 136 116 58 94 121 50 92 37 27 15 18 56 11 228 161 141 111 8 11
    17 158 197 204 103 108 98 221 28 214 211 65 55 120 47 11 19 82 217
    175 191 136 206 53 181 174 95 142 5 247 247 10 82 229 247 237 130 88
    73 251 125 249 167 127 209 0 2 167 123 185 42 237 101 22 91 64 126
    119 232 246 226 115 45 149 117 124 252 124 168 169 248 109 30 250
