<?xml version="1.0"?>
<opencv_storage>
<descriptor type_id="opencv-matrix">
  <rows>500</rows>
  <cols>32</cols>
  <dt>u</dt>
  <data>
    126 192 240 233 109 8 200 8 11 49 177 10 207 203 92 218 122 149 189
    161 8 33 200 209 151 253 203 189 55 170 89 130 40 189 49 25 83 219
    21 103 127 101 40 141 166 52 6 148 145 58 192 1 87 184 112 31 47 86
    21 115 66 12 199 222 178 76 106 220 116 211 107 118 85 6 246 50 50
    29 183 101 122 176 151 168 232 191 53 206 119 43 160 129 119 136 116
    104 143 223 254 147 227 118 63 183 63 95 95 183 124 119 171 237 55
    119 183 255 241 220 61 238 110 55 255 194 174 245 173 125 170 73 246
    254 109 176 220 4 137 26 249 16 172 154 52 215 206 235 151 195 238
    174 194 233 162 248 218 139 22 223 106 143 111 231 199 141 125 27
    238 232 63 224 219 234 200 224 157 196 122 204 254 238 193 243 205
    223 60 62 143 180 23 190 112 228 66 189 163 17 211 252 49 55 59 253
    46 189 44 190 70 54 181 127 241 145 183 216 176 70 47 118 29 227 194
    68 135 127 23 36 75 243 214 166 41 115 60 129 91 214 29 199 184 96
    119 191 23 157 147 220 20 238 221 174 186 192 173 131 161 161 161
    206 213 165 124 11 232 94 207 49 176 218 151 169 180 67 170 204 86
    77 130 127 76 153 36 152 251 180 21 152 81 136 67 131 159 247 62 6
    168 85 190 57 147 114 221 171 184 75 230 149 127 141 163 211 137 209
    148 186 251 164 132 144 161 33 60 204 2 190 149 131 130 232 22 5 203
    2 102 248 42 192 217 234 138 99 46 187 26 191 248 231 139 25 144 123
    56 10 126 246 116 191 31 149 30 248 139 117 133 159 111 108 14 150
    215 83 205 103 182 7 248 191 235 119 24 127 182 159 159 223 227 170
    132 155 13 173 128 71 206 29 144 92 166 192 100 207 201 42 106 17 31
    111 74 241 141 18 219 122 216 12 209 140 252 201 106 236 84 84 123
    248 68 4 246 18 123 89 190 112 122 128 23 234 234 55 61 159 115 237
    160 77 119 170 124 32 63 52 255 199 159 114 179 192 201 231 141 50
    104 124 79 254 249 118 217 243 180 199 252 234 91 127 203 51 167 239
    126 231 74 188 62 113 241 253 49 7 171 13 110 25 188 159 66 50 131
    59 211 17 50 216 178 199 79 221 16 67 194 4 143 203 15 124 194 93
    125 159 174 248 223 194 120 198 232 232 181 164 94 104 210 239 199
    50 254 251 38 94 15 174 95 127 75 140 179 100 238 214 69 22 238 96
    192 194 215 2 40 216 63 35 248 236 19 171 236 247 188 232 83 40 202
    1 69 111 123 142 163 28 111 93 70 246 233 98 92 218 86 214 81 30 183
    121 111 165 54 174 165 212 53 206 22 42 250 128 45 225 112 220 239
    246 96 166 252 22 78 184 129 239 159 223 73 108 218 247 87 196 213
    239 189 86 252 238 190 127 205 188 174 255 218 85 33 248 57 251 205
    205 149 255 206 121 12 26 180 212 104 32 201 26 18 81 83 46 122 49
    109 153 159 124 216 24 209 250 217 20 127 253 5 94 109 48 237 226
    198 2 223 127 48 99 226 245 127 239 233 241 49 236 243 235 207 16 44
    40 117 114 42 138 58 186 253 149 178 195 159 12 116 11 238 203 102
    64 217 59 163 1 38 43 74 255 223 215 31 107 146 12 127 203 120 49 56
    96 48 205 83 80 33 108 188 108 159 23 195 48 134 157 205 80 137 34
    176 0 203 221 32 241 232 131 6 243 124 123 184 174 207 103 23 220 67
    229 157 143 111 205 122 16 62 255 229 195 142 103 188 179 251 69 45
    57 55 223 191 83 210 176 144 250 137 237 16 207 171 19 160 25 174
    147 76 31 161 147 232 16 18 79 154 113 153 144 86 127 216 64 135 27
    222 254 99 180 54 32 171 178 56 206 18 247 173 140 240 193 55 95 189
    183 227 221 133 238 248 32 191 192 13 237 49 121 130 41 139 179 180
    198 173 71 60 201 82 18 181 155 48 96 252 63 19 145 82 216 17 206
    237 38 190 128 132 0 177 170 91 255 66 14 115 154 102 182 161 72 110
    236 42 162 135 244 38 230 236 78 197 139 132 109 50 253 0 139 42 151
    42 29 242 194 66 236 70 0 104 104 81 2 113 202 107 203 52 81 122 141
    55 170 72 54 198 199 22 168 194 12 117 170 114 136 201 85 63 206 207
    255 23 190 205 90 29 126 94 220 182 167 38 242 190 107 245 109 62
    255 179 91 97 94 127 219 153 125 166 193 229 229 204 71 236 184 19
    251 90 195 65 125 93 47 93 214 55 231 249 248 203 157 15 126 197 198
    183 250 112 231 45 107 153 233 204 13 238 221 238 184 120 76 149 201
    89 34 201 200 83 95 195 50 218 48 109 137 39 44 217 251 243 168 199
    156 59 186 232 164 27 200 191 91 77 185 252 215 168 89 199 59 255 22
    179 15 170 243 211 249 26 234 152 199 161 115 41 184 179 90 225 237
    241 215 123 75 116 24 60 223 100 60 253 187 18 24 147 62 178 243 95
    220 18 106 219 72 227 251 136 49 61 101 1 111 113 18 124 160 102 8
    159 23 1 48 48 28 91 40 33 240 241 10 199 137 33 0 72 160 71 178 253
    134 236 133 157 54 207 251 86 238 151 215 75 96 155 229 125 196 188
    174 253 199 125 142 250 239 239 148 191 252 248 116 86 91 86 143 18
    134 59 112 165 132 203 199 77 231 161 70 118 253 175 230 192 145 29
    236 176 166 138 128 43 183 33 21 236 117 124 101 213 95 71 184 113
    230 238 8 83 121 17 49 216 196 84 106 105 178 121 14 103 219 69 21
    99 251 70 226 180 199 157 152 196 39 207 255 30 62 249 90 86 119 172
    41 125 219 23 235 120 118 104 94 185 2 239 116 145 121 244 225 185
    93 103 237 21 215 90 112 5 96 214 23 91 31 50 192 108 164 157 234
    233 191 113 142 243 233 162 16 63 175 112 82 165 157 5 219 157 229
    199 175 158 19 73 80 244 241 120 101 201 74 26 27 115 108 91 55 173
    158 215 120 152 72 208 168 176 108 234 222 77 211 182 100 212 134
    240 3 32 216 117 3 248 232 131 195 108 247 2 170 49 9 134 11 85 122
    124 138 134 20 174 190 86 231 185 90 30 71 87 151 253 238 58 73 127
    43 51 157 162 215 63 255 93 39 251 201 149 77 53 242 29 159 159 238
    147 22 79 248 7 216 141 70 125 243 235 230 117 83 60 238 209 3 59
    254 249 239 175 140 186 243 41 33 94 159 46 190 155 242 30 232 182
    20 203 163 237 239 35 192 231 243 237 195 122 73 187 255 251 231 143
    219 52 87 165 90 51 191 104 171 84 183 202 223 87 105 252 199 163
    136 182 96 95 171 22 157 159 186 77 191 62 79 171 240 253 142 248
    221 29 77 90 230 115 222 122 112 117 136 127 0 95 147 33 240 178 237
    198 106 77 179 24 206 247 237 35 5 106 183 107 131 23 118 67 69 114
    18 111 117 48 192 123 230 81 38 157 244 54 76 22 172 129 144 37 78
    36 44 162 128 173 178 227 245 130 225 118 193 37 203 249 101 239 181
    151 10 142 152 116 132 238 29 223 81 80 173 0 212 140 144 27 247 68
    11 21 161 134 222 221 87 178 240 175 174 186 159 75 244 237 102 205
    203 23 123 161 146 115 220 47 99 44 183 255 135 136 241 133 253 82
    188 145 245 186 107 22 123 63 235 179 124 222 55 128 114 183 247 125
    34 49 77 201 206 250 246 63 182 170 96 135 19 241 6 5 173 60 35 78
    63 21 170 154 240 215 34 176 231 221 198 124 175 249 207 73 159 160
    254 235 148 20 249 240 45 61 165 172 63 157 91 199 232 86 240 95 2
    114 248 251 163 217 78 112 111 239 241 255 63 104 47 237 53 253 127
    88 199 162 81 52 235 109 237 186 204 143 57 25 58 252 30 28 107 206
    83 31 67 195 36 75 241 183 248 154 250 20 31 145 203 126 231 206 158
    155 22 15 248 18 246 207 135 105 231 63 215 125 237 185 238 233 195
    191 255 187 47 207 156 43 247 44 112 151 177 98 154 122 80 186 232
    187 81 85 183 76 206 254 177 255 9 147 231 183 7 174 243 26 8 139
    239 61 7 187 213 205 211 126 86 103 157 245 241 221 88 118 110 123
    221 190 37 182 176 150 106 229 126 62 253 95 91 101 234 95 172 93
    117 2 56 3 154 125 213 184 71 143 73 209 5 172 158 52 197 204 187
    155 145 7 11 82 253 133 48 154 171 28 14 63 222 255 223 238 214 147
    86 31 248 178 222 141 135 73 231 63 215 125 246 189 238 237 67 190
    239 123 111 239 157 131 247 190 244 248 76 122 76 124 215 114 116 85
    4 246 27 115 157 183 80 104 240 135 232 232 191 48 191 119 237 160 9
    119 169 124 10 175 158 237 223 252 246 189 191 154 255 116 245 248
    246 207 239 213 110 181 28 183 216 251 255 111 127 255 199 159 124
    221 255 183 157 223 86 246 114 182 237 90 210 61 242 125 248 239 163
    179 111 180 115 245 228 46 46 40 15 111 239 205 123 137 149 138 129
