<?xml version="1.0"?>
<opencv_storage>
<descriptor type_id="opencv-matrix">
  <rows>498</rows>
  <cols>32</cols>
  <dt>u</dt>
  <data>
    120 184 150 240 169 253 80 87 171 59 164 25 63 159 64 155 133 179
    237 16 30 111 210 145 219 219 80 123 202 72 206 27 32 168 228 17 85
    219 224 66 119 101 226 155 195 8 22 140 57 140 194 29 62 254 101 31
    12 6 145 65 231 140 94 196 124 109 243 102 250 105 19 200 227 172
    173 40 119 247 201 54 51 254 68 114 10 99 170 42 251 164 37 63 226
    243 70 163 134 188 176 158 251 117 158 203 155 255 28 63 108 252 111
    174 157 123 211 17 182 71 186 243 59 22 93 191 146 124 159 215 141
    190 175 127 186 147 111 190 182 218 70 244 241 231 251 113 55 110 59
    174 243 220 175 63 110 239 119 196 190 240 160 249 237 107 157 103
    164 31 71 188 123 170 55 76 211 65 209 59 156 68 108 110 233 244 233
    40 230 219 101 52 74 251 82 33 237 106 237 99 164 31 71 156 115 234
    54 76 211 1 219 59 25 196 108 126 233 244 237 42 230 219 101 180 202
    243 82 97 124 205 243 238 106 74 87 237 51 174 237 40 119 247 169
    116 123 252 100 66 72 19 170 59 243 166 101 61 115 251 230 35 220
    175 31 250 186 224 29 191 178 157 142 185 127 247 72 91 39 247 237
    208 122 75 171 55 249 226 119 217 160 208 167 123 61 36 95 82 193
    125 82 72 113 83 101 24 82 112 15 57 177 138 64 58 63 230 58 38 91
    223 16 85 227 65 194 134 10 187 98 29 115 212 184 103 63 77 92 167
    40 142 54 132 254 59 147 197 198 154 166 253 39 28 154 139 71 4 47
    223 245 230 234 52 72 40 75 152 178 210 162 205 83 194 219 91 55 204
    100 254 174 71 142 33 90 41 37 252 104 243 66 80 92 117 26 33 49 90
    23 240 32 172 236 41 159 23 2 16 176 93 196 98 108 208 161 14 227
    197 37 21 98 115 7 83 77 174 223 119 176 174 103 191 114 171 239 92
    243 99 128 48 21 254 108 60 185 216 237 47 238 175 117 84 200 192
    194 49 226 184 237 80 200 236 176 23 186 123 176 253 176 189 68 59
    173 183 251 145 179 111 210 97 29 18 254 250 205 64 199 187 198 113
    52 19 9 91 48 32 171 180 163 25 206 76 78 19 130 85 232 99 100 69
    219 69 143 18 69 119 64 5 7 70 220 189 190 127 180 239 119 191 127
    239 254 24 255 255 10 112 181 255 127 24 186 248 121 63 255 255 53
    80 194 240 199 123 252 189 188 119 184 111 87 191 59 239 190 25 255
    127 75 18 149 247 125 50 120 121 251 42 255 255 101 53 224 243 198
    123 10 187 34 156 114 129 184 103 62 4 88 167 44 206 182 0 238 59
    151 133 134 154 6 253 52 36 186 139 5 4 47 219 109 85 121 103 244 78
    111 184 125 232 127 64 211 119 153 112 94 220 126 106 233 176 249 46
    231 255 37 4 98 243 66 241 2 185 98 76 112 193 186 101 47 73 120 161
    40 158 182 132 238 59 151 197 198 154 2 253 38 60 170 139 87 6 47
    223 109 101 249 103 244 79 111 184 117 232 127 72 211 117 153 52 26
    220 126 106 233 240 253 46 231 255 37 20 98 251 70 225 93 54 18 18
    112 188 66 16 161 74 239 252 31 199 138 215 4 238 76 14 41 195 232
    46 242 229 32 56 42 195 2 49 44 60 23 67 97 125 98 128 105 34 107 12
    198 96 15 152 128 0 66 66 21 176 248 53 6 144 0 19 202 107 70 212
    138 92 111 251 52 230 187 214 29 79 214 22 252 222 55 104 255 123
    159 149 162 156 51 255 71 255 154 194 148 157 117 251 205 30 239 255
    36 168 109 17 252 74 87 246 251 233 177 107 126 224 63 47 169 180 38
    139 198 251 226 128 28 251 112 113 143 88 171 251 55 246 185 214 31
    206 214 183 189 222 183 104 255 57 159 213 167 148 50 234 215 127
    190 130 150 21 53 249 138 88 170 155 101 213 189 212 95 206 84 23
    172 220 119 108 254 123 151 149 230 244 54 234 103 95 158 139 151 92
    125 223 143 22 191 188 172 54 223 88 220 202 85 246 221 255 187 107
    246 101 63 175 165 229 46 202 194 123 235 136 156 255 49 113 171 94
    125 76 44 55 159 250 223 74 148 110 120 252 183 37 158 81 87 239 229
    39 47 255 114 91 235 190 95 253 113 245 171 121 226 159 229 84 188
    199 89 206 84 23 40 252 223 175 220 107 179 199 229 246 246 226 39
    123 222 171 71 116 255 221 61 47 229 109 18 91 71 250 119 238 254
    226 83 109 149 117 121 204 116 172 237 240 109 30 250 239 101 148
    119 252 116 125 212 178 229 21 137 126 116 159 119 255 226 213 194
    124 95 91 105 206 237 144 191 240 255 0 143 98 85 71 235 117 246 86
    63 183 238 101 51 91 83 123 119 238 254 239 67 125 143 52 63 220 245
    32 253 242 237 31 126 239 101 135 111 172 126 215 232 234 16 186 25
    137 18 174 139 61 160 13 174 203 64 146 129 123 233 82 110 79 202
    183 171 209 21 123 82 29 15 10 232 168 16 62 25 141 18 232 155 16
    161 9 238 216 109 145 136 51 200 66 110 103 218 63 147 208 1 59 82
    14 10 14 219 178 175 93 43 87 25 123 55 255 214 253 122 255 150 125
    181 127 253 148 191 222 255 29 91 123 117 202 170 164 174 127 15 186
    247 94 248 151 185 251 159 223 84 245 236 254 190 45 159 123 183 21
    183 203 170 255 10 126 127 238 222 164 167 253 242 113 47 102 20 70
    150 124 17 232 218 111 114 92 53 48 220 245 221 227 233 163 25 46
    113 46 173 146 9 51 118 59 95 96 131 166 19 14 106 32 189 224 195
    205 207 134 1 212 182 237 252 231 77 209 145 206 176 244 15 2 42 38
    43 20 126 118 86 37 19 31 18 120 59 160 34 205 79 3 68 148 182 197
    204 102 45 209 153 28 182 211 5 55 106 183 11 21 95 109 194 52 147
    22 78 128 187 240 170 205 77 226 71 150 181 229 252 215 237 83 156
    74 186 119 207 247 170 119 43 20 124 114 88 44 43 27 22 184 27 166
    176 173 207 104 75 144 151 209 236 98 108 98 203 31 206 215 5 63 121
    191 78 3 5 159 24 73 180 159 74 176 117 104 254 100 211 48 146 244
    84 148 156 120 189 184 77 190 170 255 37 208 250 138 200 37 199 156
    133 191 170 173 58 168 159 83 1 213 236 238 74 67 135 99 121 87 167
    76 223 247 172 50 95 250 156 71 129 93 9 61 145 97 177 190 98 150 53
    136 110 68 255 23 129 228 20 126 92 60 131 144 113 46 165 255 5 0
    202 210 67 185 97 143 108 68 252 59 78 187 103 160 190 168 83 104
    150 50 30 198 108 238 188 169 109 127 62 62 37 20 109 235 202 4 181
    227 232 47 108 11 207 237 82 174 241 175 227 232 223 10 26 204 38
    111 196 118 206 2 100 41 101 188 117 186 211 196 199 190 159 158 234
    132 157 168 154 214 3 245 244 230 234 115 151 119 249 7 231 69 190
    105 8 50 239 138 140 116 165 113 121 46 200 85 148 26 78 191 115 171
    102 16 195 99 147 252 81 238 108 40 44 220 237 138 170 255 181 149
    170 248 218 12 80 160 212 87 139 73 52 97 173 183 163 27 67 226 68
    82 41 214 106 0 28 99 143 0 149 162 69 27 225 104 134 2 143 236 254
    86 162 176 63 180 186 210 70 177 253 247 251 43 23 127 185 191 176
    212 174 106 107 47 111 140 134 245 173 113 244 132 236 95 137 115 84
    175 83 246 166 189 67 96 207 95 89 206 224 162 124 242 255 42 138
    239 213 55 243 252 220 78 156 182 148 53 139 123 7 190 50 246 134
    190 206 103 67 143 53 94 232 160 41 212 253 62 205 167 125 117 235
    117 15 243 68 160 133 253 172 171 64 138 254 51 130 112 211 241 208
    202 73 198 104 25 58 237 203 50 140 182 215 84 196 73 80 32 157 182
    156 21 155 127 21 186 22 255 134 60 78 119 139 191 17 70 232 50 53
    69 121 62 255 195 117 55 186 125 140 87 237 113 17 71 37 31 102 184
    105 168 39 72 210 113 73 183 144 68 108 106 73 240 217 8 167 248 69
    52 74 179 74 32 167 38 141 191 206 43 167 207 94 242 216 254 244 224
    218 160 125 206 122 143 179 242 239 127 60 35 239 144 77 124 179 252
    165 226 232 35 196 9 239 200 82 182 177 157 195 200 95 10 25 200 66
    239 206 118 206 50 76 15 229 45 69 251 210 196 173 238 114 26 241
    182 126 218 121 78 108 213 73 246 134 180 55 111 196 142 183 137 174
    119 38 255 32 64 194 215 234 213 35 175 238 23 112 186 238 98 249
    204 111 185 42 76 150 182 182 239 213 199 166 248 166 111 38 127 37
    225 101 135 230 196 34 233 98 136 95 213 184 101 171 5 120 3 40 158
    52 132 238 185 147 193 198 58 146 253 53 28 138 235 85 6 39 206 53
    106 232 39 36 3 207 216 82 238 208 239 147 72 211 8 90 76 85 127 204
    246 205 42 224 13 175 180 109 187 114 201 155 86 102 91 115 242 190
    113 125 76 87 246 108 206 190 165 62 43 151 167 167 180 52 255 54
