<?xml version="1.0"?>
<opencv_storage>
<descriptor type_id="opencv-matrix">
  <rows>500</rows>
  <cols>32</cols>
  <dt>u</dt>
  <data>
    45 161 117 67 213 219 227 91 127 225 123 82 216 16 156 164 122 14 2
    24 179 248 109 223 45 30 7 68 199 142 194 164 25 49 232 109 50 22
    216 63 96 201 252 229 59 15 146 48 190 189 213 165 205 168 245 141
    235 237 42 144 111 132 43 217 67 0 84 137 45 169 104 42 13 32 82 66
    172 10 53 200 226 165 63 13 1 24 83 221 148 190 218 210 28 8 89 9 2
    191 99 19 242 183 188 119 60 69 90 231 44 172 182 0 62 59 147 133
    215 184 52 223 54 4 26 194 109 196 175 221 118 200 65 169 109 193 72
    248 27 48 208 139 15 143 116 212 126 153 183 195 75 22 218 209 150
    248 139 254 55 172 80 20 26 132 130 141 23 246 184 71 22 9 90 18 12
    186 48 224 120 191 179 145 22 153 17 198 185 101 154 195 181 76 189
    142 231 192 65 137 44 9 206 173 31 51 145 218 223 75 248 228 91 128
    63 111 75 36 79 211 148 150 159 252 30 138 145 36 98 136 112 200 108
    75 232 106 15 32 26 138 142 168 116 192 235 133 63 5 17 59 69 213
    156 30 139 254 21 172 81 4 194 16 158 244 43 14 56 19 169 169 86 48
    142 191 69 94 230 53 253 16 16 221 131 192 151 250 90 130 134 160 33
    27 66 128 219 172 110 141 248 98 143 41 90 10 156 187 32 64 230 61
    63 1 0 57 144 209 149 61 27 190 20 40 25 11 3 183 42 27 243 185 184
    103 60 79 92 247 172 140 182 164 183 43 147 5 151 152 52 255 6 23 26
    195 77 68 171 221 189 106 99 76 82 6 235 88 112 64 112 199 25 14 181
    48 126 172 23 238 193 150 36 78 112 105 171 132 111 167 98 241 55
    143 4 185 206 7 140 105 20 178 209 78 81 8 48 201 73 136 19 235 121
    122 95 156 156 2 239 252 61 41 176 128 23 63 106 2 210 148 191 214
    169 196 124 167 41 236 247 48 46 235 147 215 215 155 180 236 62 77
    142 202 237 215 231 221 255 126 106 14 83 146 218 240 241 68 244 143
    105 204 191 180 126 232 151 239 207 135 180 239 50 105 128 139 111
    183 122 85 247 104 106 12 79 20 250 248 233 64 244 143 8 204 183 119
    62 197 215 239 205 39 182 205 18 41 138 207 109 167 123 212 55 223
    98 10 211 145 254 244 181 68 124 231 41 206 183 245 126 235 150 238
    246 139 46 255 50 93 132 203 127 151 234 221 195 48 47 80 105 212
    184 80 169 93 181 93 184 158 86 59 172 57 213 149 134 79 178 197 87
    25 122 234 65 4 99 223 43 161 87 65 85 219 160 87 125 113 114 66 136
    24 148 172 122 14 210 24 151 248 117 212 6 26 18 66 207 140 219 172
    219 122 119 52 107 221 152 80 233 200 180 237 63 156 151 59 174 177
    213 197 205 231 166 204 211 89 104 186 71 133 39 215 130 25 130 188
    61 226 185 66 158 132 90 35 172 255 35 72 232 107 187 193 0 139 2
    232 212 32 138 139 148 109 53 219 195 2 53 188 110 15 184 99 93 122
    18 122 156 26 180 107 166 21 63 13 193 125 129 209 148 58 122 186 20
    172 17 41 155 95 107 95 242 219 191 246 245 68 126 167 40 156 182
    165 46 250 151 207 229 185 52 255 118 105 32 131 111 159 173 253 2
    181 43 179 147 255 189 103 62 101 74 135 172 172 54 0 175 59 147 5
    151 184 52 223 101 87 26 67 197 76 133 222 10 12 166 157 197 182 172
    71 20 134 78 19 40 175 51 204 121 239 179 133 36 218 17 202 19 39
    218 1 135 124 61 206 67 130 241 236 108 8 104 49 77 1 219 202 221
    171 188 70 250 133 63 141 193 50 199 209 150 254 250 140 52 170 113
    32 67 128 23 205 44 142 248 39 141 59 82 66 220 186 188 230 226 37
    63 45 209 153 3 213 132 62 218 150 28 140 17 45 30 29 18 171 157 227
    218 226 23 4 216 3 167 120 33 192 216 59 151 113 30 168 89 191 169
    213 139 211 180 75 60 2 10 22 122 27 211 187 176 103 125 71 125 191
    44 172 38 136 191 59 130 5 182 184 52 223 6 87 82 67 223 68 175 223
    90 153 87 224 62 143 120 48 237 40 18 42 207 155 36 208 166 181 63
    80 28 185 3 220 158 254 65 210 22 168 1 1 118 200 96 233 77 31 74
    232 79 48 176 10 11 25 117 212 249 140 55 234 204 54 76 149 159 216
    201 255 55 171 88 134 2 167 106 27 211 249 184 103 189 69 124 163 44
    172 54 4 63 59 131 133 22 184 36 247 54 70 26 195 247 68 175 222 2
    183 106 27 242 187 188 119 60 77 92 231 44 44 182 0 174 59 131 133
    214 184 36 255 38 4 58 195 77 68 175 223 18 123 126 4 99 218 185 97
    169 228 182 175 44 142 166 151 166 181 199 193 196 253 164 204 18 80
    74 131 103 36 47 223 18 44 106 28 83 241 185 103 185 71 108 139 40
    140 54 16 170 187 131 133 6 187 38 255 23 6 26 43 119 68 47 222 35
    187 123 65 113 253 185 83 169 93 125 237 168 140 214 52 142 59 215
    149 151 184 182 197 79 88 16 235 207 132 199 253 33 161 87 65 229
    219 224 69 124 113 115 66 169 24 148 173 122 42 34 152 151 184 101
    213 6 88 82 64 79 140 241 172 61 97 106 108 82 6 75 120 97 196 253
    143 83 77 154 48 62 140 21 239 137 178 181 14 83 237 161 132 109 163
    118 241 210 125 23 158 75 192 52 111 191 6 232 163 108 246 32 215
    230 243 239 128 98 75 130 255 177 166 94 139 49 16 175 171 33 171
    117 83 244 155 231 213 127 33 114 194 241 1 148 164 58 62 2 88 147
    248 101 255 44 30 52 64 231 136 194 164 130 30 79 188 98 162 184 82
    188 198 66 247 45 174 33 73 110 57 179 133 161 223 6 234 16 35 218
    131 165 245 45 217 247 107 106 14 85 148 202 240 225 68 253 207 105
    200 191 244 126 232 151 239 207 131 188 239 50 125 129 139 47 183
    122 84 59 127 106 72 210 150 174 87 101 69 126 199 41 142 182 116
    126 171 151 204 215 154 52 237 54 109 138 192 111 150 250 220 56 225
    240 107 21 89 66 216 99 5 253 139 107 73 29 16 122 136 68 234 138
    178 77 177 211 221 128 33 103 139 110 138 2 133 122 89 243 179 180
    103 252 7 124 178 40 184 182 161 171 59 130 129 54 186 6 223 38 47
    26 67 85 68 175 143 169 96 117 85 116 219 225 119 125 33 114 82 177
    1 148 173 58 62 2 8 241 252 101 77 4 26 48 64 103 136 194 172 3 183
    115 8 243 245 180 119 237 77 124 245 44 254 166 180 182 59 134 5 215
    155 54 223 50 20 58 203 95 68 175 223 58 204 2 185 21 167 238 227 22
    66 220 131 33 143 49 196 89 170 23 141 106 159 64 255 177 71 143 128
    55 92 48 250 67 194 147 180 108 8 124 55 175 43 18 248 158 171 224
    74 231 21 63 5 193 29 129 211 148 254 122 150 20 248 129 9 10 63 98
    189 114 185 185 119 60 70 88 231 172 140 183 128 174 59 147 133 135
    152 36 255 36 70 26 162 93 196 39 221 214 194 92 217 44 139 205 169
    223 52 150 178 206 72 188 197 91 144 174 99 90 37 79 213 156 146 203
    117 20 168 221 36 219 122 114 116 99 212 153 82 169 204 180 173 45
    158 151 63 174 177 213 197 204 207 166 204 211 121 106 171 71 132 39
    255 126 136 76 233 44 11 72 168 15 52 146 11 223 43 54 66 203 132 63
    239 92 24 65 212 223 251 203 213 52 172 88 2 134 9 10 176 205 175
    170 234 94 176 210 26 132 168 112 201 233 237 59 243 56 123 65 244
    157 2 203 117 157 41 57 2 2 63 235 33 242 187 191 87 60 197 90 231
    61 172 183 32 62 123 147 149 149 152 52 234 108 7 62 130 237 212 167
    221 50 157 99 169 116 131 203 115 84 64 216 231 49 136 176 64 88 170
    23 173 249 187 68 223 176 76 170 192 61 8 112 248 70 192 113 173 44
    73 92 169 31 51 147 250 207 58 252 108 215 149 63 35 217 52 207 211
    150 254 219 254 20 174 149 5 2 176 63 146 99 237 185 71 171 127 89
    29 44 158 126 8 175 59 211 21 150 124 50 213 77 23 90 235 216 4 135
    223 103 137 102 188 238 135 188 99 141 50 82 203 156 62 48 67 238
    177 55 231 208 27 18 252 93 58 203 200 20 44 49 241 235 178 106 74
    112 144 123 25 49 77 245 253 89 206 158 240 118 153 149 174 143 6
    190 199 82 125 160 200 63 134 234 117 60 203 100 233 15 11 66 248 71
    52 242 3 75 9 52 80 120 140 55 226 206 176 73 149 155 203 225 215 55
    175 124 2 36 104 170 187 116 131 174 197 86 128 89 67 241 200 113 0
    248 41 19 211 206 178 12 184 236 133 175 160 149 58 49 138 120 82
    248 237 36 25 88 24 31 42 84 106 191 27 241 64 214 156 61 12 202 52
    193 147 198 253 176 189 62 136 88 41 4 201 170 187 148 199 186 192 6
    1 90 3 245 220 49 64 216 57 51 209 2 184 27 189 237 135 175 193 148
    27 61 138 10 252 58 150 83 213 184 103 187 79 80 183 44 158 38 33
